0.570722
0.376746
0.985549
0.543252
0.092743
0.322591
0.068451
0.936613
0.289478
0.922259
0.183100
0.237454
0.519974
0.948047
0.097959
0.419107
0.451028
0.908730
0.565901
0.926504
0.698221
0.736721
0.261350
0.771607
0.848667
0.191189
0.089930
0.678679
0.279123
0.744363
0.675548
0.263559
0.012807
0.427316
0.809431
0.772494
0.656126
0.484859
0.175338
0.634789
0.794439
0.582259
0.826599
0.808061
0.306390
0.960635
0.761009
0.789320
0.976930
0.588694
0.208666
0.348594
0.037596
0.734376
0.682875
0.418565
0.597540
0.255507
0.970846
0.148261
0.986125
0.870832
0.367862
0.062484
0.627112
0.789324
0.960453
0.481041
0.164163
0.621665
0.666765
0.339166
0.497644
0.318807
0.515302
0.081485
0.043879
0.101831
0.640997
0.275215
0.241172
0.704367
0.032470
0.109507
0.414149
0.526868
0.927492
0.363225
0.270471
0.841071
0.391768
0.351597
0.120996
0.233681
0.007775
0.226998
0.247836
0.446491
0.198077
0.801235
0.504646
0.727052
0.890517
0.823233
0.116378
0.973938
0.862526
0.243994
0.276286
0.122871
0.705930
0.174988
0.999205
0.848880
0.992795
0.997111
0.834554
0.528294
0.841086
0.667137
0.350325
0.832537
0.426680
0.678206
0.670646
0.448504
0.319619
0.433080
0.004918
0.290146
0.242524
0.278877
0.763096
0.640907
0.374219
0.186293
0.986680
0.054948
0.477942
0.274120
0.163429
0.223196
0.102572
0.166820
0.700662
0.416762
0.796792
0.578054
0.928236
0.035937
0.916683
0.958721
0.153411
0.271399
0.487816
0.707682
0.813825
0.992598
0.719908
0.454035
0.850767
0.396971
0.457797
0.912655
0.477647
0.973040
0.309462
0.898376
0.539075
0.057602
0.036233
0.834526
0.370694
0.643242
0.943047
0.986818
0.140989
0.809329
0.477883
0.075279
0.081074
0.483832
0.280613
0.698932
0.223697
0.747789
0.807371
0.538186
0.269677
0.306808
0.813443
0.586513
0.556008
0.536094
0.437712
0.729182
0.123272
0.628495
0.060008
0.504867
0.206586
0.380314
0.664018
0.190392
0.909732
0.944151
0.836825
0.721667
0.743580
0.120359
0.935136
0.551200
0.487010
0.903864
0.244528
0.410250
0.371178
0.326613
0.091331
0.816956
0.468041
0.483564
0.631140
0.135701
0.438946
0.118211
0.390546
0.608540
0.205824
0.424406
0.186929
0.957519
0.730170
0.888644
0.733919
0.358702
0.133406
0.477200
0.661365
0.248292
0.096551
0.862489
0.063530
0.270966
0.119454
0.567413
0.325718
0.570747
0.374826
0.092179
0.425288
0.145605
0.190124
0.347891
0.107075
0.747767
0.147235
0.175412
0.220098
0.713145
0.608867
0.703582
0.567942
0.437894
0.043075
0.804096
0.148109
0.021222
0.441421
0.990835
0.047047
0.888117
0.756998
0.382315
0.666383
0.444311
0.422237
0.199803
0.954704
0.884121
0.199861
0.324914
0.955678
0.103213
0.483511
0.221205
0.334310
0.255454
0.788252
0.298377
0.163729
0.821138
0.848595
0.931030
0.176023
0.480065
0.441310
0.865945
0.274684
0.992669
0.903144
0.194806
0.201895
0.599023
0.551084
0.581899
0.294127
0.621612
0.546472
0.871895
0.070698
0.616806
0.520831
0.619174
0.297619
0.725059
0.997895
0.881899
0.814009
0.200294
0.033957
0.122729
0.106461
0.872287
0.445065
0.813434
0.802406
0.048966
0.273824
0.124795
0.154299
0.404759
0.870197
0.862170
0.665248
0.075174
0.239201
0.774649
0.404026
0.761608
0.453091
0.722909
0.645168
0.760136
0.366307
0.030632
0.651097
0.667471
0.649287
0.152409
0.895462
0.183104
0.068095
0.644554
0.357415
0.458777
0.878708
0.794087
0.220904
0.768815
0.254726
0.463837
0.485642
0.470899
0.530929
0.457853
0.627172
0.828353
0.534255
0.033768
0.579456
0.808558
0.234158
0.483857
0.296469
0.947956
0.297596
0.054484
0.547374
0.587059
0.407493
0.497891
0.181049
0.063679
0.580055
0.493621
0.324568
0.092318
0.803022
0.737961
0.550056
0.903322
0.391170
0.836024
0.413450
0.476571
0.267442
0.075978
0.881192
0.870286
0.259594
0.515720
0.955505
0.330375
0.348825
0.604304
0.117816
0.166227
0.417316
0.389939
0.344053
0.058168
0.758199
0.833120
0.248221
0.519926
0.624179
0.217357
0.036989
0.889107
0.581981
0.392535
0.946198
0.241831
0.799194
0.596303
0.128818
0.077166
0.698318
0.904810
0.435112
0.635403
0.818518
0.688508
0.930838
0.009038
0.925037
0.700766
0.236379
0.613298
0.948810
0.974385
0.366871
0.461479
0.316777
0.755863
0.654347
0.320034
0.172701
0.237682
0.521896
0.024988
0.961655
0.261769
0.327878
0.494271
0.614346
0.765245
0.130695
0.409962
0.362167
0.469843
0.430689
0.500348
0.901933
0.267012
0.780076
0.247103
0.480684
0.251507
0.349216
0.661827
0.537608
0.528546
0.307765
0.822655
0.643936
0.931853
0.590836
0.155984
0.675594
0.342120
0.678823
0.475633
0.016966
0.260608
0.404095
0.766962
0.657309
0.437302
0.225731
0.272646
0.166072
0.558769
0.581239
0.682236
0.275644
0.212218
0.555009
0.940329
0.674705
0.955373
0.054644
0.650211
0.951529
0.573724
0.400090
0.282030
0.591216
0.757456
0.504239
0.248830
0.386329
0.191018
0.033501
0.928339
0.354067
0.547152
0.927915
0.095954
0.149458
0.301861
0.458674
0.262155
0.457152
0.859051
0.839102
0.090747
0.165937
0.462671
0.699487
0.566405
0.039589
0.391119
0.866952
0.255101
0.836136
0.729845
0.890067
0.952986
0.425924
0.194947
0.049886
0.038067
0.253499
0.012000
0.976554
0.020968
0.556953
0.207392
0.300205
0.744323
0.600431
0.127543
0.679720
0.849186
0.675528
0.849762
0.171775
0.442629
0.000692
0.917312
0.596944
0.489841
0.457435
0.598306
0.080533
0.316237
0.587922
0.541938
0.815525
0.729394
0.091109
0.615754
0.758433
0.995753
0.070912
0.432828
0.305498
0.896979
0.887140
0.182296
0.148780
0.655293
0.446354
0.912813
0.111496
0.000767
0.331302
0.453336
0.044466
0.096264
0.149504
0.634247
0.544129
0.859031
0.910414
0.773874
0.184813
0.929790
0.639478
0.308853
0.941686
0.152917
0.935743
0.282436
0.656866
0.786553
0.152457
0.256346
0.008604
0.351381
0.991603
0.036343
0.512748
0.251232
0.253498
0.837732
0.559390
0.598006
0.303547
0.112191
0.038122
0.946098
0.102899
0.829698
0.333481
0.024576
0.237169
0.356235
0.342138
0.052136
0.286392
0.688737
0.754179
0.451477
0.476490
0.792412
0.402496
0.304319
0.305891
0.230434
0.897093
0.436594
0.305613
0.262056
0.593243
0.063865
0.511674
0.922156
0.741791
0.173831
0.123268
0.736157
0.624340
0.070657
0.608892
0.570001
0.848439
0.516177
0.958757
0.765808
0.092897
0.552897
0.608839
0.176001
0.639039
0.143556
0.978267
0.860266
0.814887
0.842217
0.886960
0.773575
0.881266
0.029511
0.618229
0.199804
0.905055
0.792218
0.785706
0.860451
0.904529
0.079915
0.565426
0.893916
0.903380
0.331456
0.350504
0.614396
0.164943
0.303902
0.825699
0.747471
0.762260
0.446946
0.844924
0.706231
0.441087
0.626492
0.662123
0.142432
0.474068
0.561421
0.329340
0.305963
0.988700
0.215680
0.868070
0.549316
0.442671
0.621916
0.289014
0.289720
0.478028
0.783452
0.696253
0.952619
0.552611
0.773733
0.119446
0.387245
0.058216
0.471320
0.596956
0.973416
0.674137
0.633861
0.393395
0.167599
0.953745
0.409881
0.799561
0.215958
0.393127
0.362516
0.334495
0.965767
0.133434
0.378800
0.762943
0.651818
0.296888
0.601695
0.095189
0.906547
0.848642
0.300545
0.518947
0.116035
0.122322
0.179480
0.659059
0.753751
0.207697
0.460131
0.129824
0.888019
0.323000
0.411738
0.014818
0.909151
0.194194
0.241209
0.731202
0.058468
0.012655
0.819595
0.833664
0.993694
0.169583
0.596997
0.131763
0.694341
0.781182
0.635090
0.628819
0.829246
0.574956
0.994386
0.839116
0.016956
0.919773
0.970219
0.379845
0.570373
0.385315
0.395452
0.600295
0.170007
0.698978
0.143625
0.965151
0.059082
0.313135
0.943213
0.760151
0.461890
0.814408
0.750942
0.494516
0.575837
0.245095
0.197819
0.573445
0.736767
0.821748
0.325031
0.328226
0.278870
0.856351
0.891331
0.940957
0.751010
0.035041
0.260603
0.630780
0.519443
0.088037
0.682345
0.011023
0.321257
0.191480
0.636982
0.703629
0.254296
0.198530
0.805608
0.123609
0.083908
0.609481
0.007181
0.218759
0.692569
0.249725
0.478713
0.935450
0.980324
0.293027
0.877912
0.585987
0.532401
0.602541
0.135047
0.663489
0.130962
0.448878
0.374204
0.369194
0.809826
0.439854
0.292982
0.449293
0.215939
0.602969
0.097294
0.630480
0.310844
0.528553
0.248456
0.309033
0.767262
0.887864
0.032087
0.351363
0.069734
0.604927
0.641126
0.169118
0.670665
0.849972
0.222515
0.381849
0.997422
0.329122
0.011963
0.137567
0.972984
0.336803
0.087800
0.525914
0.353845
0.234569
0.147390
0.834081
0.362461
0.621761
0.574878
0.275514
0.721730
0.037381
0.888100
0.410179
0.895687
0.545165
0.566694
0.512752
0.146913
0.615555
0.366885
0.564286
0.676887
0.925594
0.753959
0.092890
0.285844
0.718621
0.895210
0.314238
0.934339
0.745224
0.053843
0.770075
0.528070
0.509341
0.658118
0.838494
0.332566
0.467534
0.723328
0.962760
0.808790
0.616132
0.389477
0.202666
0.017669
0.310594
0.807943
0.433027
0.954317
0.950576
0.248718
0.616271
0.570504
0.517010
0.827750
0.914270
0.590145
0.256889
0.702788
0.234149
0.714388
0.193865
0.341084
0.807589
0.948505
0.942876
0.802897
0.771116
0.722309
0.803218
0.081646
0.267134
0.958393
0.958981
0.929311
0.598681
0.523775
0.249719
0.810060
0.502327
0.011273
0.725062
0.930582
0.502328
0.205399
0.881323
0.297425
0.425431
0.889048
0.970938
0.819818
0.237982
0.480100
0.902421
0.421854
0.361001
0.864196
0.140185
0.683778
0.469673
0.181614
0.225797
0.920098
0.610638
0.095074
0.519867
0.288564
0.957682
0.173043
0.633282
0.583772
0.300644
0.815872
0.491076
0.010591
0.812725
0.389923
0.909794
0.266930
0.334891
0.753171
0.979675
0.667567
0.155740
0.220209
0.534467
0.368826
0.468793
0.771181
0.113922
0.461924
0.670014
0.873558
0.213443
0.738877
0.748308
0.748132
0.674889
0.737318
0.040307
0.033693
0.476449
0.240881
0.311970
0.019450
0.327658
0.981348
0.342984
0.179157
0.378432
0.795328
0.397483
0.061412
0.068229
0.282522
0.990013
0.215410
0.213955
0.560619
0.654605
0.582403
0.688626
0.790420
0.475551
0.625040
0.337024
0.411324
0.687290
0.577999
0.323163
0.563907
0.998603
0.607519
0.208740
0.338343
0.124282
0.448692
0.902266
0.116123
0.772399
0.164311
0.105745
0.040393
0.356067
0.939232
0.199529
0.952918
0.205359
0.848732
0.219788
0.641319
0.431942
0.167052
0.901448
0.895539
0.665717
0.063361
0.455339
0.692102
0.468639
0.966712
0.647498
0.189188
0.452470
0.322316
0.745714
0.495022
0.789365
0.858613
0.808508
0.140692
0.413757
0.602361
0.321209
0.144908
0.004929
0.462213
0.289549
0.083627
0.440585
0.390942
0.229529
0.664839
0.484970
0.902082
0.948871
0.271853
0.233103
0.861333
0.162632
0.363880
0.751883
0.763625
0.597852
0.127808
0.637305
0.892170
0.090774
0.529454
0.930054
0.790969
0.843365
0.687313
0.799487
0.362073
0.457807
0.830159
0.610236
0.090565
0.238548
0.397883
0.485748
0.886549
0.155431
0.215141
0.438997
0.486687
0.185315
0.737994
0.712409
0.970999
0.269527
0.671296
0.095882
0.008637
0.470699
0.146919
0.773365
0.619714
0.375122
0.823934
0.247445
0.937028
0.315553
0.248614
0.359368
0.613757
0.860910
0.984922
0.629835
0.744537
0.887889
0.707441
0.501633
0.898805
0.641817
0.910497
0.677087
0.879508
0.069320
0.859599
0.773532
0.086026
0.823834
0.747665
0.349989
0.826967
0.198631
0.836913
0.661560
0.036767
0.787657
0.304369
0.460523
0.341580
0.212916
0.012428
0.243382
0.773449
0.869788
0.717793
0.079207
0.535062
0.255940
0.728407
0.036886
0.723877
0.785410
0.279588
0.880278
0.647238
0.276630
0.917967
0.140677
0.255872
0.087287
0.271575
0.014414
0.181807
0.069571
0.294924
0.702372
0.062079
0.278026
0.654478
0.352438
0.766221
0.015629
0.002648
0.172472
0.082599
0.388960
0.560295
0.670496
0.644664
0.783142
0.931911
0.372924
0.223426
0.954309
0.528015
0.936977
0.608638
0.185118
0.433837
0.417972
0.787111
0.577689
0.872117
0.309773
0.179589
0.632461
0.756715
0.520312
0.309898
0.926366
0.486635
0.164667
0.847379
0.083426
0.298442
0.409785
0.447273
0.556957
0.528180
0.463175
0.316834
0.001526
0.994853
0.102067
0.428661
0.122586
0.334762
0.051050
0.640097
0.087751
0.628847
0.864718
0.196679
0.102653
0.401567
0.952725
0.233302
0.110364
0.800113
0.272339
0.176359
0.441120
0.961157
0.810588
0.106697
0.882382
0.223454
0.371393
0.442565
0.607505
0.630430
0.020815
0.416998
0.282184
0.576943
0.304357
0.833808
0.671598
0.135191
0.445408
0.055233
0.781983
0.311215
0.620632
0.063150
0.889987
0.555477
0.950753
0.379491
0.604048
0.913373
0.392323
0.781450
0.770905
0.884499
0.854238
0.641485
0.320178
0.246554
0.340815
0.544803
0.450943
0.481007
0.727927
0.386947
0.698652
0.945963
0.853185
0.524037
0.082775
0.706514
0.372035
0.501074
0.503545
0.037939
0.609357
0.211877
0.253454
0.288030
0.050081
0.056242
0.488049
0.193960
0.006720
0.605096
0.546604
0.502175
0.494672
0.621672
0.654159
0.918600
0.396129
0.607027
0.079750
0.939048
0.436413
0.007511
0.259525
0.194776
0.446121
0.621280
0.891582
0.347730
0.158559
0.398737
0.331305
0.016688
0.985030
0.733173
0.075786
0.466507
0.885042
0.486396
0.130214
0.477761
0.484527
0.828710
0.419599
0.082336
0.922406
0.636547
0.032626
0.602682
0.206443
0.868743
0.445587
0.973019
0.247399
0.936249
0.803130
0.004824
0.421443
0.450069
0.489095
0.842400
0.880396
0.020737
0.144326
0.120878
0.059596
0.493969
0.873543
0.286676
0.369258
0.334602
0.822956
0.396077
0.374086
0.774777
0.870593
0.101843
0.570950
0.210957
0.201883
0.280889
0.774361
0.094059
0.920013
0.263290
0.617540
0.430133
0.258268
0.054057
0.613175
0.070329
0.900418
0.682826
0.721470
0.767446
0.675839
0.529475
0.469692
0.733605
0.732783
0.228269
0.757388
0.301840
0.738121
0.335465
0.213321
0.133751
0.362771
0.642187
0.752133
0.451563
0.779297
0.333707
0.510090
0.637969
0.990277
0.823294
0.645757
0.939989
0.557292
0.721487
0.636693
0.957573
0.114061
0.795733
0.531689
0.903274
0.193545
0.377861
0.084841
0.429031
0.898825
0.106315
0.909355
0.008360
0.629135
0.959207
0.267566
0.169265
0.332917
0.142539
0.855773
0.864456
0.213832
0.677706
0.341777
0.831784
0.498100
0.126507
0.962389
0.297266
0.663656
0.209718
0.613377
0.787822
0.401112
0.546853
0.746614
0.488118
0.591418
0.362605
0.663966
0.652108
0.394515
0.923506
0.103646
0.724814
0.055283
0.562604
0.529930
0.724946
0.405256
0.374457
0.757457
0.849038
0.986882
0.603325
0.747893
0.493614
0.936286
0.487948
0.329659
0.108202
0.230352
0.180317
0.138203
0.589637
0.957323
0.473897
0.375055
0.827811
0.155839
0.009986
0.794342
0.583376
0.859536
0.193262
0.563887
0.250629
0.232332
0.520561
0.455815
0.574289
0.919658
0.091653
0.363492
0.395606
0.018554
0.703439
0.883325
0.746597
0.525856
0.276647
0.776033
0.103075
0.518067
0.920908
0.173158
0.854682
0.075274
0.198669
0.546329
0.175613
0.470567
0.747730
0.586229
0.259403
0.503230
0.624883
0.895055
0.061916
0.739118
0.681439
0.295074
0.324280
0.075529
0.528155
0.846822
0.625965
0.475752
0.299195
0.978074
0.196998
0.732714
0.788906
0.835325
0.013503
0.019940
0.557589
0.504427
0.585093
0.431253
0.224065
0.607595
0.144293
0.960216
0.583988
0.126726
0.218086
0.563063
0.610618
0.364977
0.057088
0.730610
0.275685
0.817958
0.158833
0.524290
0.409530
0.325742
0.063098
0.566039
0.215144
0.391901
0.104934
0.711999
0.758460
0.167234
0.369424
0.547139
0.958306
0.217810
0.337182
0.895407
0.320314
0.946024
0.602584
0.355996
0.613172
0.642093
0.217238
0.785054
0.914948
0.365728
0.153234
0.833365
0.674477
0.348232
0.329941
0.413354
0.423101
0.900786
0.554293
0.575354
0.109708
0.468560
0.244516
0.431788
0.085711
0.131650
0.171082
0.759104
0.336668
0.773640
0.355315
0.033623
0.684044
0.347174
0.837135
0.001090
0.633145
0.867184
0.230772
0.760418
0.501987
0.176815
0.030354
0.237568
0.434384
0.389294
0.303510
0.822133
0.751059
0.900475
0.967285
0.856751
0.180118
0.759590
0.527633
0.237299
0.476035
0.114462
0.086161
0.062339
0.217699
0.140369
0.642671
0.033745
0.355611
0.297087
0.045716
0.515428
0.711857
0.359523
0.921863
0.579444
0.742030
0.983109
0.549076
0.789155
0.450065
0.942148
0.909823
0.943439
0.572747
0.490618
0.699977
0.512824
0.032088
0.909823
0.493803
0.175938
0.942830
0.320545
0.111125
0.457845
0.645408
0.297119
0.144445
0.399432
0.075035
0.196856
0.128518
0.345642
0.492142
0.754222
0.024926
0.076757
0.201014
0.991937
0.108012
0.060139
0.147037
0.009668
0.763103
0.887564
0.331099
0.776121
0.337307
0.135251
0.718507
0.151352
0.473904
0.476491
0.743691
0.326147
0.580719
0.082913
0.808381
0.773856
0.827421
0.541634
0.173787
0.442484
0.318451
0.600973
0.262369
0.758786
0.297758
0.189368
0.287332
0.647297
0.683821
0.772366
0.831220
0.413802
0.933222
0.137995
0.066719
0.027298
0.510128
0.591037
0.298399
0.807982
0.465380
0.383798
0.764986
0.142595
0.688105
0.352406
0.117172
0.961314
0.894881
0.808290
0.445302
0.922226
0.908160
0.863952
0.656065
0.599688
0.816654
0.076278
0.831991
0.622601
0.637068
0.144325
0.968018
0.467020
0.350016
0.004483
0.583897
0.203455
0.540018
0.798891
0.048767
0.695601
0.480528
0.338218
0.593343
0.205781
0.752914
0.289695
0.505310
0.424048
0.121771
0.072416
0.803759
0.591205
0.087067
0.645652
0.911821
0.436561
0.590601
0.739664
0.452506
0.303420
0.724616
0.949986
0.018139
0.995421
0.393040
0.920988
0.514360
0.473724
0.806582
0.305466
0.244645
0.283540
0.929574
0.410145
0.486585
0.668317
0.974336
0.952413
0.683007
0.421888
0.421631
0.586869
0.429027
0.775932
0.290241
0.684001
0.382767
0.062186
0.535837
0.983429
0.648037
0.820480
0.320615
0.379526
0.242166
0.282992
0.031936
0.994588
0.667334
0.989725
0.084001
0.306589
0.562881
0.508414
0.173318
0.638372
0.937611
0.653006
0.931424
0.981156
0.474875
0.739500
0.886493
0.825205
0.876561
0.037330
0.715437
0.912606
0.615714
0.035998
0.695279
0.422219
0.443408
0.683208
0.060712
0.671972
0.658858
0.371649
0.779556
0.559442
0.171844
0.738435
0.500740
0.508613
0.997305
0.463623
0.719016
0.496428
0.927731
0.976250
0.646445
0.085228
0.425265
0.631198
0.414817
0.246711
0.025099
0.340093
0.867578
0.689484
0.134822
0.380981
0.462929
0.192591
0.649634
0.245306
0.685980
0.265222
0.386856
0.410814
0.679980
0.616590
0.906498
0.728224
0.414534
0.999226
0.254854
0.061336
0.456998
0.565111
0.780652
0.926049
0.184550
0.978248
0.883167
0.582755
0.983834
0.741340
0.075785
0.966803
0.479683
0.851569
0.990970
0.423730
0.231158
0.541239
0.443831
0.599192
0.722197
0.476146
0.146536
0.949226
0.547496
0.160160
0.048351
0.226042
0.765483
0.772612
0.332704
0.368411
0.120107
0.945439
0.183025
0.536932
0.168393
0.591664
0.531309
0.203177
0.604544
0.950899
0.133081
0.762406
0.469178
0.190591
0.261786
0.776121
0.428447
0.343803
0.692811
0.175380
0.222375
0.302672
0.863576
0.010933
0.135058
0.352722
0.806849
0.375858
0.726592
0.006822
0.532382
0.103619
0.547017
0.824561
0.847802
0.424405
0.159200
0.577387
0.639473
0.988883
0.524039
0.972852
0.194164
0.947543
0.915977
0.474171
0.547230
0.400455
0.101025
0.532070
0.442683
0.877789
0.824360
0.644113
0.075918
0.257637
0.548614
0.321374
0.641543
0.953872
0.358865
0.905885
0.651786
0.154594
0.766269
0.143257
0.815188
0.437961
0.820186
0.103731
0.786455
0.049817
0.624032
0.364051
0.796081
0.186494
0.506769
0.085552
0.509050
0.045769
0.189819
0.651422
0.572062
0.607952
0.493228
0.098875
0.788915
0.594561
0.730786
0.415310
0.195508
0.363240
0.728778
0.977969
0.347949
0.617819
0.570433
0.288470
0.923112
0.761285
0.951257
0.181939
0.310329
0.069339
0.739216
0.123450
0.819918
0.952822
0.795185
0.667947
0.569637
0.668274
0.332486
0.283875
0.548513
0.106857
0.176200
0.127059
0.940867
0.303963
0.548591
0.381515
0.778419
0.708085
0.508792
0.792774
0.787870
0.565622
0.743226
0.706369
0.166730
0.231702
0.528800
0.081719
0.483469
0.797796
0.808826
0.582993
0.887486
0.419892
0.312583
0.219258
0.858589
0.181904
0.710194
0.747411
0.464365
0.312381
0.509970
0.402421
0.420238
0.018384
0.159481
0.432688
0.270237
0.683071
0.435096
0.759125
0.690747
0.754791
0.566229
0.320222
0.853681
0.769281
0.499333
0.511246
0.435480
0.114182
0.577825
0.414709
0.622410
0.304871
0.943026
0.816015
0.734341
0.708272
0.169607
0.556269
0.612498
0.158841
0.207086
0.239087
0.779076
0.454582
0.046362
0.069128
0.107647
0.860575
0.610922
0.787631
0.868971
0.963696
0.679707
0.808409
0.798354
0.453036
0.643376
0.433788
0.580142
0.637395
0.658857
0.108254
0.992663
0.891059
0.135744
0.116307
0.247578
0.408820
0.337097
0.455992
0.265673
0.875535
0.317629
0.630986
0.960560
0.567891
0.006666
0.891798
0.645550
0.162860
0.050905
0.236571
0.896954
0.988878
0.843468
0.313395
0.339767
0.994818
0.986735
0.026367
0.091740
0.859443
0.871095
0.508605
0.365377
0.428559
0.545211
0.281054
0.153979
0.134270
0.840832
0.613714
0.785199
0.541078
0.857952
0.458904
0.688126
0.744909
0.720295
0.384134
0.720287
0.755522
0.684665
0.092699
0.655764
0.662915
0.144427
0.391172
0.933397
0.875971
0.315687
0.642962
0.466740
0.400739
0.751592
0.982354
0.074915
0.092192
0.268547
0.718375
0.493539
0.407135
0.223597
0.679536
0.196516
0.462798
0.973164
0.673783
0.580103
0.640940
0.844791
0.336810
0.696606
0.894222
0.852320
0.602951
0.891508
0.715800
0.441375
0.867347
0.782202
0.480733
0.351118
0.410510
0.335524
0.477159
0.884488
0.575094
0.062062
0.643383
0.431552
0.359271
0.495201
0.635555
0.378160
0.936980
0.074210
0.258234
0.222130
0.999565
0.420570
0.062789
0.448905
0.376846
0.130847
0.073240
0.999210
0.607214
0.026592
0.312005
0.737276
0.116504
0.738568
0.363271
0.412611
0.531964
0.279094
0.736538
0.673635
0.375353
0.537774
0.358738
0.817508
0.611726
0.845739
0.092685
0.687842
0.435231
0.545440
0.068919
0.068292
0.470562
0.766990
0.947486
0.755392
0.633001
0.556949
0.511495
0.322374
0.352452
0.528471
0.070540
0.535404
0.181509
0.051946
0.688892
0.219053
0.064793
0.597086
0.721884
0.775364
0.539215
0.967558
0.589551
0.326526
0.873313
0.909323
0.224297
0.046982
0.153057
0.395792
0.860295
0.100767
0.290228
0.313747
0.774681
0.286721
0.180301
0.221268
0.157332
0.818889
0.303032
0.419505
0.269634
0.001785
0.782796
0.134416
0.357592
0.400329
0.008086
0.775777
0.847351
0.318726
0.916926
0.178114
0.646554
0.870923
0.776434
0.956205
0.221142
0.896681
0.380136
0.410585
0.684519
0.616262
0.610379
0.136966
0.155915
0.711925
0.977866
0.980947
0.168331
0.634684
0.843688
0.837968
0.308727
0.203269
0.419581
0.261843
0.074302
0.513266
0.795607
0.951355
0.738294
0.398474
0.148856
0.735579
0.427051
0.041483
0.436074
0.412245
0.862404
0.818638
0.357277
0.557702
0.929647
0.953388
0.644640
0.212236
0.473579
0.154559
0.109222
0.788016
0.166999
0.598268
0.848057
0.680308
0.585395
0.221094
0.474611
0.099476
0.483593
0.663251
0.424701
0.624682
0.740868
0.176983
0.665087
0.176328
0.042134
0.126736
0.011283
0.063310
0.772068
0.541441
0.132074
0.081129
0.174553
0.633056
0.579959
0.564246
0.021401
0.579850
0.247999
0.599237
0.671068
0.279503
0.796607
0.926345
0.416534
0.226518
0.057290
0.319218
0.339749
0.733200
0.516489
0.454263
0.440223
0.022895
0.505433
0.767726
0.104425
0.646193
0.119927
0.096438
0.956994
0.920931
0.385684
0.136611
0.370712
0.612063
0.237893
0.876988
0.695961
0.697756
0.729162
0.000010
0.760838
0.831144
0.828353
0.106896
0.542989
0.253721
0.286070
0.641573
0.534999
0.349563
0.945250
0.009137
0.634649
0.873261
0.963030
0.471751
0.262796
0.721248
0.673109
0.093028
0.524591
0.808238
0.980377
0.715448
0.258201
0.854138
0.495579
0.669946
0.878362
0.508502
0.109371
0.155030
0.448719
0.482709
0.100744
0.817777
0.294289
0.037498
0.657361
0.307606
0.495855
0.039552
0.118214
0.267923
0.960940
0.195852
0.954158
0.790761
0.876145
0.984423
0.856228
0.819678
0.860803
0.785288
0.802313
0.656816
0.648147
0.960905
0.603962
0.282702
0.437989
0.627022
0.058511
0.151897
0.110990
0.785144
0.545705
0.872213
0.746567
0.874596
0.036917
0.806815
0.436909
0.718367
0.145517
0.858400
0.823915
0.688497
0.333837
0.138575
0.751974
0.146828
0.829182
0.344432
0.275523
0.997096
0.178329
0.290557
0.543202
0.452204
0.844385
0.412371
0.880487
0.810629
0.478824
0.242368
0.016310
0.929845
0.694256
0.823266
0.626698
0.340284
0.991428
0.630118
0.500030
0.022024
0.646762
0.089675
0.607038
0.053542
0.446851
0.580711
0.342423
0.872534
0.603872
0.996284
0.320607
0.384818
0.472352
0.538000
0.429368
0.087287
0.021366
0.013152
0.519913
0.766931
0.818360
0.226371
0.153762
0.757330
0.117459
0.105957
0.844938
0.606891
0.917799
0.510597
0.227701
0.329536
0.185962
0.511667
0.332031
0.962311
0.863760
0.285130
0.510137
0.187263
0.721876
0.377477
0.844598
0.285724
0.121369
0.534244
0.818044
0.025485
0.341397
0.405849
0.864707
0.161492
0.228613
0.761466
0.931507
0.723949
0.121276
0.777229
0.598189
0.916556
0.411774
0.103385
0.311075
0.359935
0.992477
0.800842
0.715081
0.504675
0.136466
0.831191
0.842579
0.376280
0.652303
0.655514
0.728136
0.724236
0.227528
0.914466
0.891945
0.034766
0.052262
0.944380
0.482255
0.936548
0.024761
0.836498
0.760000
0.654787
0.890692
0.397305
0.483299
0.264100
0.113095
0.951183
0.215621
0.453716
0.989114
0.910835
0.320728
0.980476
0.866687
0.121815
0.035003
0.411318
0.133342
0.697219
0.799338
0.446121
0.571251
0.029723
0.220238
0.896040
0.937102
0.639496
0.196987
0.022338
0.025159
0.419271
0.539804
0.931122
0.978740
0.542324
0.242523
0.093852
0.684125
0.482588
0.791952
0.355265
0.991175
0.554520
0.833479
0.592800
0.686010
0.013384
0.232552
0.879805
0.959743
0.214769
0.107696
0.313367
0.046760
0.762778
0.034212
0.160968
0.661701
0.210905
0.420293
0.796685
0.949531
0.224574
0.735283
0.971482
0.542658
0.426071
0.698476
0.232759
0.788504
0.797535
0.335403
0.401139
0.767715
0.251569
0.393505
0.279027
0.965671
0.108338
0.484943
0.908736
0.737562
0.082495
0.773673
0.736159
0.553098
0.035882
0.999841
0.935157
0.733935
0.903412
0.642133
0.798453
0.034585
0.687208
0.890545
0.743678
0.244171
0.731545
0.451492
0.450162
0.436261
0.439686
0.385056
0.858918
0.764012
0.003591
0.788599
0.777983
0.848538
0.510005
0.250192
0.919331
0.677920
0.071288
0.069234
0.498500
0.803698
0.286307
0.512649
0.283418
0.013814
0.878343
0.755318
0.839619
0.682929
0.875608
0.065862
0.247445
0.304957
0.746382
0.159286
0.624735
0.941232
0.009793
0.178525
0.737253
0.409868
0.452577
0.547562
0.156258
0.743672
0.279989
0.914804
0.769711
0.808698
0.940899
0.615978
0.910150
0.329952
0.462132
0.136982
0.521422
0.765242
0.892692
0.386603
0.587592
0.344492
0.230803
0.820999
0.871740
0.782381
0.169954
0.508766
0.513311
0.100515
0.437892
0.443167
0.231315
0.743376
0.053478
0.740214
0.795452
0.923752
0.329916
0.785436
0.124855
0.779829
0.180382
0.959747
0.248287
0.300757
0.366181
0.731803
0.580522
0.870285
0.460192
0.842002
0.709087
0.748381
0.139585
0.562455
0.107287
0.063443
0.570090
0.835289
0.933413
0.842875
0.200608
0.074386
0.792851
0.546267
0.535137
0.208705
0.885812
0.034440
0.476198
0.520568
0.065249
0.040848
0.412571
0.125965
0.558500
0.230092
0.050271
0.789425
0.569962
0.599070
0.889180
0.030653
0.915580
0.095164
0.461995
0.496305
0.356563
0.206115
0.494001
0.121790
0.395011
0.841821
0.200652
0.557782
0.497283
0.125266
0.370879
0.877415
0.540924
0.665150
0.724457
0.622296
0.022906
0.931785
0.851989
0.494089
0.164948
0.059234
0.760471
0.505173
0.181767
0.812300
0.111461
0.086681
0.395878
0.303093
0.639133
0.760044
0.732536
0.295765
0.248847
0.797638
0.499107
0.762802
0.992522
0.869507
0.167509
0.033637
0.759852
0.268583
0.991921
0.929555
0.467844
0.253279
0.497545
0.843258
0.601330
0.403492
0.196015
0.524375
0.714123
0.207563
0.356391
0.994193
0.231754
0.848826
0.451173
0.957203
0.851866
0.160623
0.195291
0.797182
0.967054
0.463289
0.292295
0.801000
0.892251
0.099444
0.236640
0.761792
0.797432
0.637429
0.733714
0.969454
0.585190
0.862487
0.309506
0.352390
0.299773
0.446958
0.370869
0.046963
0.256806
0.336650
0.323961
0.564048
0.079546
0.067107
0.871610
0.045669
0.551932
0.838803
0.178264
0.272858
0.762977
0.457764
0.008736
0.643920
0.858250
0.385891
0.334250
0.044375
0.262966
0.442605
0.005913
0.131804
0.692955
0.367984
0.958895
0.826667
0.230886
0.471135
0.653804
0.597317
0.472461
0.147180
0.684242
0.589222
0.044803
0.891620
0.903634
0.310557
0.310865
0.165715
0.882040
0.215916
0.039001
0.582866
0.512664
0.604735
0.615584
0.889466
0.209122
0.755278
0.514851
0.457337
0.437788
0.434149
0.420164
0.988014
0.496521
0.575966
0.438525
0.644566
0.365548
0.133816
0.421511
0.764092
0.957185
0.975438
0.363546
0.059093
0.031592
0.989182
0.582385
0.485595
0.460318
0.617182
0.646506
0.580591
0.997033
0.582147
0.426152
0.093392
0.339498
0.692538
0.388726
0.410459
0.556653
0.200650
0.655695
0.160331
0.886724
0.891840
0.355032
0.150338
0.610012
0.179306
0.959889
0.274164
0.911923
0.876426
0.623509
0.236571
0.990817
0.901682
0.571817
0.264237
0.054245
0.443479
0.412672
0.605284
0.230048
0.557331
0.336283
0.251082
0.120918
0.714101
0.775951
0.992351
0.577555
0.107918
0.686199
0.575666
0.698318
0.798806
0.277137
0.268329
0.209941
0.617374
0.603210
0.291493
0.524796
0.106077
0.384058
0.150203
0.499108
0.925712
0.069716
0.318182
0.885377
0.714389
0.951876
0.249318
0.512598
0.747745
0.840094
0.260584
0.318974
0.163620
0.138401
0.193970
0.620261
0.798474
0.548431
0.554358
0.791211
0.460918
0.946832
0.141600
0.651980
0.841166
0.526141
0.733895
0.559353
0.050782
0.341287
0.867684
0.914798
0.994517
0.716410
0.572192
0.765175
0.596834
0.948452
0.215374
0.773850
0.063327
0.656941
0.714255
0.444588
0.401262
0.370936
0.179592
0.731541
0.690479
0.525035
0.390576
0.180287
0.449791
0.019475
0.373776
0.703083
0.081584
0.926624
0.889142
0.485306
0.789620
0.728374
0.822005
0.839622
0.274497
0.194802
0.360207
0.272285
0.798277
0.711299
0.321173
0.806617
0.301812
0.032766
0.070401
0.820089
0.272617
0.724316
0.716683
0.707305
0.172648
0.725546
0.080719
0.449216
0.686995
0.029194
0.616238
0.126940
0.773695
0.014266
0.254309
0.182084
0.037618
0.801038
0.289069
0.872136
0.437200
0.411713
0.581833
0.362714
0.186973
0.668571
0.312912
0.322423
0.666177
0.510866
0.827546
0.948493
0.532663
0.606993
0.264767
0.260215
0.451501
0.575365
0.256872
0.356352
0.856935
0.508278
0.822965
0.756812
0.101791
0.908381
0.088656
0.051021
0.854539
0.855534
0.310966
0.639155
0.879588
0.892664
0.945530
0.653612
0.989013
0.658277
0.177163
0.817599
0.075781
0.639140
0.755118
0.460735
0.848103
0.747587
0.592006
0.854047
0.264970
0.321137
0.079244
0.120610
0.466944
0.695097
0.041620
0.435144
0.517570
0.947935
0.973015
0.907351
0.096158
0.627047
0.422089
0.841716
0.925270
0.749184
0.832785
0.732593
0.570462
0.530291
0.631602
0.652899
0.252866
0.807163
0.035161
0.633301
0.118320
0.062736
0.203790
0.909751
0.906663
0.966548
0.221393
0.718447
0.758396
0.877009
0.585715
0.506197
0.545822
0.232444
0.403965
0.005370
0.954886
0.179507
0.120297
0.536314
0.828132
0.641625
0.421323
0.890369
0.954341
0.276579
0.897497
0.499914
0.564116
0.716216
0.688139
0.640522
0.506248
0.177297
0.913451
0.561042
0.802868
0.041827
0.531026
0.990699
0.679276
0.089596
0.770736
0.711726
0.775098
0.474001
0.931690
0.751358
0.991776
0.742068
0.350021
0.551237
0.593916
0.391666
0.879428
0.283601
0.137026
0.764843
0.350728
0.927385
0.877980
0.709944
0.224042
0.571095
0.823206
0.896340
0.447413
0.298602
0.273085
0.042602
0.623506
0.340877
0.672232
0.286648
0.299649
0.675422
0.907422
0.193619
0.185986
0.847879
0.066065
0.521848
0.748000
0.790809
0.571992
0.267293
0.505973
0.663527
0.658268
0.362518
0.834641
0.846905
0.297423
0.608312
0.949892
0.876937
0.828188
0.583836
0.243832
0.055040
0.342489
0.916301
0.282973
0.396896
0.386126
0.704832
0.226560
0.062607
0.413443
0.715093
0.510851
0.539016
0.505668
0.797641
0.713691
0.757600
0.286601
0.427714
0.207913
0.506521
0.030406
0.249150
0.570388
0.693074
0.345863
0.201786
0.047859
0.742902
0.056581
0.775800
0.318177
0.137526
0.161345
0.767377
0.607259
0.530866
0.379360
0.485629
0.356313
0.387230
0.952797
0.580707
0.007106
0.538323
0.905951
0.684076
0.172729
0.183871
0.188384
0.269689
0.021765
0.059837
0.527710
0.126390
0.096676
0.959859
0.137935
0.537867
0.918189
0.187776
0.748278
0.281193
0.560251
0.182029
0.064370
0.209816
0.352351
0.764682
0.531122
0.403812
0.989000
0.049272
0.389327
0.885090
0.933733
0.120338
0.224736
0.936847
0.885458
0.568718
0.652014
0.706215
0.649784
0.404682
0.989281
0.279478
0.682990
0.785239
0.262365
0.841482
0.135030
0.445795
0.293423
0.596798
0.888264
0.649923
0.807785
0.230795
0.790802
0.888445
0.660454
0.936001
0.231428
0.972916
0.672256
0.678309
0.757524
0.875209
0.826591
0.960063
0.194514
0.950786
0.081735
0.130002
0.401908
0.586183
0.640647
0.361966
0.477439
0.711681
0.698845
0.278265
0.929844
0.413841
0.718553
0.740730
0.087112
0.898142
0.511109
0.858496
0.681403
0.911306
0.966585
0.720090
0.888341
0.654206
0.146816
0.277665
0.548845
0.442941
0.031329
0.326283
0.207755
0.072276
0.018561
0.922032
0.517951
0.312677
0.828071
0.722938
0.425985
0.948509
0.649612
0.860717
0.827683
0.375376
0.164118
0.952699
0.950687
0.757700
0.173149
0.972062
0.732739
0.572314
0.075531
0.563010
0.793792
0.148298
0.796500
0.403880
0.468983
0.168956
0.121871
0.160845
0.411473
0.109018
0.860129
0.350181
0.102634
0.156817
0.913185
0.765109
0.242314
0.133769
0.244883
0.422483
0.897682
0.082656
0.997664
0.161854
0.420416
0.476550
0.667698
0.563007
0.937899
0.617800
0.625408
0.506667
0.807559
0.306449
0.955440
0.576980
0.405066
0.498837
0.879811
0.538525
0.946857
0.158647
0.396547
0.750499
0.566816
0.623800
0.601081
0.985652
0.103483
0.867401
0.975723
0.436552
0.415594
0.103401
0.945481
0.459791
0.106271
0.832762
0.981866
0.825560
0.558647
0.726173
0.978262
0.686934
0.880311
0.811755
0.355757
0.618877
0.835662
0.516741
0.724479
0.421165
0.887677
0.833300
0.464090
0.517501
0.315298
0.736689
0.343398
0.918361
0.668967
0.707911
0.486199
0.403655
0.321961
0.313508
0.058483
0.531775
0.570376
0.992551
0.919077
0.928418
0.346760
0.595607
0.498562
0.517520
0.022624
0.841042
0.798526
0.536463
0.570293
0.899658
0.654318
0.551557
0.529740
0.667473
0.199234
0.876121
0.248098
0.438866
0.617890
0.690112
0.457738
0.096900
0.951316
0.023712
0.205401
0.357141
0.785122
0.744218
0.157176
0.656776
0.928307
0.859719
0.233211
0.919605
0.523024
0.083318
0.170691
0.371502
0.183204
0.554758
0.140605
0.042018
0.290941
0.316800
0.496903
0.107428
0.190078
0.144812
0.497292
0.118539
0.046560
0.204732
0.169196
0.036522
0.487082
0.411101
0.594891
0.003099
0.600127
0.404434
0.353823
0.318125
0.144588
0.827346
0.154024
0.759155
0.731550
0.442932
0.471489
0.305049
0.887297
0.991928
0.446228
0.783090
0.422733
0.359340
0.421315
0.332566
0.050058
0.749234
0.997434
0.909581
0.485032
0.046988
0.584610
0.607302
0.297045
0.398219
0.524833
0.691587
0.271642
0.583088
0.847460
0.461593
0.568227
0.109173
0.738051
0.713454
0.243651
0.265063
0.004278
0.486545
0.839795
0.915295
0.112933
0.669080
0.366555
0.359931
0.235827
0.018139
0.852176
0.458196
0.890608
0.172844
0.632215
0.141584
0.960317
0.272131
0.660873
0.919823
0.851355
0.628006
0.413681
0.083809
0.583474
0.433106
0.843774
0.017609
0.018066
0.562923
0.369979
0.865246
0.741700
0.127860
0.610198
0.457027
0.264106
0.870906
0.257672
0.922226
0.493967
0.513061
0.800333
0.648350
0.113864
0.427495
0.656221
0.743511
0.977616
0.399951
0.479638
0.312175
0.299719
0.674586
0.286182
0.108821
0.871537
0.737072
0.804076
0.486317
0.493263
0.768913
0.753158
0.789141
0.205431
0.953509
0.289359
0.360051
0.813555
0.663040
0.658346
0.799071
0.629625
0.971027
0.137835
0.601925
0.155731
0.403806
0.893867
0.486686
0.636185
0.079511
0.385933
0.977965
0.661544
0.446263
0.901878
0.886592
0.065629
0.600846
0.638341
0.687804
0.219164
0.188181
0.466250
0.417112
0.713650
0.997477
0.250781
0.265902
0.686755
0.902434
0.732796
0.812573
0.598920
0.816139
0.195250
0.664019
0.474356
0.745030
0.873589
0.210765
0.196630
0.135304
0.911966
0.315952
0.218757
0.299976
0.251106
0.115866
0.782867
0.863535
0.931347
0.465967
0.678312
0.238276
0.624723
0.893438
0.760731
0.027607
0.033539
0.190570
0.059259
0.866728
0.742947
0.237863
0.146925
0.793258
0.753487
0.740027
0.594534
0.023612
0.053616
0.801922
0.078719
0.797214
0.298834
0.805020
0.472462
0.527203
0.473316
0.034724
0.560128
0.227794
0.706428
0.606850
0.865711
0.485229
0.417747
0.957855
0.215372
0.205681
0.153714
0.523532
0.244697
0.590259
0.719509
0.272884
0.570013
0.069334
0.012503
0.558021
0.660030
0.686539
0.522805
0.854075
0.646522
0.751459
0.962103
0.548315
0.869402
0.580001
0.491131
0.504893
0.775044
0.619470
0.855470
0.250553
0.888064
0.797665
0.524565
0.563905
0.867779
0.330611
0.308143
0.100878
0.067683
0.908439
0.968542
0.315114
0.931494
0.886309
0.312645
0.816211
0.723466
0.509987
0.041183
0.848901
0.047896
0.092162
0.647053
0.489324
0.420520
0.737436
0.239144
0.022276
0.148784
0.469320
0.409010
0.403665
0.613112
0.156532
0.908636
0.008353
0.661637
0.134057
0.373478
0.716053
0.151873
0.718021
0.165237
0.677299
0.108732
0.099010
0.109757
0.010068
0.257097
0.650352
0.425520
0.219252
0.190021
0.702512
0.988283
0.885585
0.859013
0.311508
0.964506
0.489461
0.129709
0.819075
0.637513
0.232292
0.541789
0.699827
0.746052
0.289850
0.000077
0.289404
0.188723
0.377346
0.614184
0.092105
0.762944
0.688369
0.482048
0.443784
0.053200
0.520706
0.362860
0.553138
0.809705
0.322837
0.774858
0.050623
0.261905
0.509235
0.494175
0.052259
0.788259
0.394287
0.652099
0.802746
0.338969
0.159404
0.797240
0.927289
0.507190
0.185678
0.139421
0.335980
0.380766
0.914749
0.236898
0.335095
0.953133
0.822424
0.994510
0.771039
0.643510
0.610418
0.724646
0.742267
0.032916
0.846948
0.018836
0.196529
0.362695
0.797495
0.716903
0.473267
0.036031
0.039472
0.502193
0.553799
0.227881
0.911117
0.250088
0.505077
0.431502
0.968106
0.889792
0.992164
0.412095
0.861994
0.149311
0.300896
0.702287
0.737852
0.612652
0.391647
0.955724
0.254407
0.249001
0.946207
0.111536
0.668681
0.503108
0.641621
0.151480
0.514145
0.710308
0.034073
0.134318
0.303793
0.856936
0.827947
0.386286
0.433503
0.621040
0.551071
0.627313
0.963195
0.802371
0.290270
0.784652
0.209146
0.864411
0.774910
0.457535
0.364880
0.976845
0.472224
0.443810
0.782970
0.333985
0.781610
0.895756
0.923391
0.081278
0.552294
0.824114
0.108887
0.390479
0.561472
0.379345
0.695438
0.567879
0.669728
0.660808
0.840682
0.192621
0.801210
0.779688
0.276291
0.004989
0.904468
0.322400
0.115792
0.861703
0.825228
0.351517
0.919459
0.517025
0.907713
0.157563
0.622146
0.624528
0.062388
0.038424
0.979809
0.011235
0.742138
0.110952
0.640088
0.876532
0.525139
0.535836
0.032532
0.816240
0.846688
0.759743
0.198312
0.262727
0.638420
0.120736
0.081660
0.392231
0.072832
0.487776
0.922305
0.415727
0.981765
0.071997
0.766560
0.752025
0.930099
0.442342
0.090176
0.734720
0.167045
0.383841
0.448221
0.213906
0.040460
0.979797
0.030657
0.315340
0.111333
0.646620
0.173033
0.494452
0.579211
0.459395
0.722764
0.586084
0.614204
0.974723
0.560758
0.772927
0.646251
0.002364
0.101822
0.847855
0.935915
0.778222
0.830667
0.187720
0.463971
0.521701
0.190557
0.908065
0.883021
0.892041
0.872497
0.771369
0.651624
0.928828
0.685630
0.956947
0.264909
0.289849
0.465733
0.309507
0.436876
0.962498
0.953199
0.336309
0.586393
0.960615
0.575165
0.847831
0.862180
0.291017
0.652820
0.602910
0.091158
0.742279
0.770782
0.047183
0.921494
0.375356
0.734387
0.491238
0.412849
0.551356
0.163268
0.329270
0.839345
0.634314
0.799205
0.701635
0.991463
0.767757
0.562555
0.005992
0.510451
0.922643
0.152680
0.826052
0.287264
0.179737
0.025161
0.063049
0.592272
0.376634
0.019104
0.842922
0.437135
0.186017
0.708204
0.413049
0.005164
0.482072
0.672476
0.261423
0.496623
0.104475
0.480457
0.336430
0.579260
0.873413
0.563976
0.087249
0.880437
0.374762
0.923742
0.445312
0.111860
0.698513
0.976897
0.665033
0.554477
0.630720
0.990065
0.737350
0.585060
0.314192
0.169014
0.342289
0.367216
0.949964
0.610781
0.334591
0.465312
0.022631
0.064374
0.241007
0.716615
0.613578
0.283277
0.919064
0.101586
0.265458
0.783101
0.041297
0.610121
0.159175
0.232230
0.602248
0.857158
0.930459
0.331068
0.072168
0.116722
0.961610
0.075919
0.004132
0.457290
0.136700
0.091641
0.197890
0.870171
0.791789
0.883378
0.844971
0.405862
0.278111
0.077551
0.792973
0.181419
0.303401
0.145352
0.653395
0.680988
0.478864
0.001472
0.262085
0.183756
0.158346
0.410076
0.939278
0.655646
0.258365
0.916308
0.424378
0.759529
0.833767
0.268381
0.180189
0.050656
0.572982
0.361144
0.091944
0.391243
0.358896
0.661789
0.770229
0.507891
0.210349
0.670276
0.547544
0.361239
0.003289
0.680409
0.378528
0.317559
0.438606
0.205034
0.063700
0.277867
0.398746
0.142866
0.188104
0.539990
0.875606
0.634198
0.908242
0.458266
0.091623
0.527814
0.997786
0.477466
0.650968
0.139244
0.253936
0.343945
0.815766
0.037700
0.424669
0.483965
0.828469
0.433656
0.394334
0.574083
0.304922
0.820365
0.312409
0.626108
0.027595
0.829919
0.545883
0.815638
0.134798
0.683049
0.378737
0.875852
0.023041
0.212430
0.043073
0.013477
0.276764
0.373036
0.073281
0.248005
0.800877
0.513922
0.448974
0.754360
0.192192
0.719301
0.582194
0.010094
0.375046
0.589271
0.367818
0.285572
0.801185
0.742536
0.779474
0.413757
0.200943
0.699675
0.956864
0.109769
0.558604
0.121949
0.379136
0.437635
0.101089
0.634258
0.737346
0.633273
0.519850
0.162614
0.266039
0.635769
0.542869
0.390938
0.481290
0.811797
0.798804
0.391351
0.768244
0.340938
0.778438
0.836886
0.383940
0.813216
0.928808
0.085333
0.788577
0.257886
0.603643
0.014635
0.639529
0.607420
0.449049
0.254135
0.709365
0.332976
0.752231
0.014029
0.281875
0.871743
0.504404
0.937879
0.913077
0.086507
0.116463
0.770798
0.454370
0.922049
0.361497
0.474844
0.648516
0.870066
0.814037
0.151212
0.871157
0.243275
0.717752
0.443445
0.212322
0.867174
0.549560
0.453368
0.409801
0.220876
0.924456
0.884932
0.618532
0.709338
0.143628
0.490965
0.577909
0.832028
0.642209
0.054573
0.892198
0.394443
0.557277
0.177971
0.267647
0.780390
0.479515
0.780485
0.916203
0.748450
0.032249
0.373937
0.995852
0.307767
0.246776
0.223822
0.521197
0.038446
0.251096
0.969706
0.404289
0.116925
0.224764
0.301292
0.165044
0.881837
0.598598
0.403243
0.765663
0.597126
0.166208
0.231047
0.711006
0.913650
0.114012
0.636243
0.232196
0.039933
0.179397
0.465631
0.126519
0.253379
0.125554
0.350106
0.090107
0.101572
0.122802
0.946953
0.269893
0.080077
0.359576
0.719896
0.267958
0.221079
0.333391
0.983021
0.654090
0.409864
0.400711
0.774702
0.436854
0.607359
0.508482
0.173467
0.383609
0.134454
0.928943
0.046783
0.906668
0.603760
0.304978
0.580632
0.331626
0.470494
0.472813
0.287107
0.893969
0.943742
0.155533
0.473719
0.148239
0.274993
0.981810
0.541287
0.131864
0.071187
0.015402
0.115711
0.043498
0.664179
0.795897
0.198811
0.771168
0.502057
0.712383
0.409915
0.554982
0.340690
0.881784
0.007909
0.218135
0.569002
0.075580
0.227009
0.741059
0.776118
0.134214
0.353603
0.046489
0.840778
0.413964
0.689568
0.133716
0.651744
0.662644
0.802036
0.379397
0.986549
0.973672
0.891758
0.349038
0.074737
0.541546
0.734727
0.446120
0.977787
0.457415
0.386937
0.636758
0.925592
0.112099
0.275565
0.574615
0.798516
0.815643
0.198160
0.801500
0.832844
0.621409
0.199737
0.658721
0.322096
0.738700
0.072522
0.310854
0.640980
0.811448
0.738507
0.291061
0.236175
0.901835
0.035577
0.776525
0.775841
0.847408
0.796506
0.697088
0.134812
0.367634
0.072172
0.734082
0.209575
0.129862
0.222344
0.369828
0.747949
0.424120
0.137095
0.978833
0.496713
0.499287
0.207945
0.195092
0.678618
0.603832
0.276511
0.200728
0.024725
0.095968
0.755724
0.496088
0.708809
0.676050
0.307475
0.849386
0.737305
0.840309
0.098606
0.271514
0.819655
0.560670
0.417363
0.255266
0.583691
0.303136
0.243889
0.604883
0.684350
0.800507
0.262055
0.309705
0.222233
0.155068
0.259884
0.210857
0.072849
0.758089
0.675295
0.720759
0.059628
0.873192
0.259333
0.666826
0.885394
0.829059
0.582518
0.566629
0.602644
0.890456
0.061149
0.444614
0.705324
0.705302
0.334538
0.571394
0.957337
0.618478
0.704350
0.645010
0.159202
0.395526
0.039592
0.276506
0.358651
0.877281
0.151834
0.858258
0.469668
0.187114
0.774959
0.887970
0.818327
0.486878
0.111240
0.573074
0.254556
0.984490
0.307951
0.098821
0.380053
0.498083
0.964827
0.552774
0.370316
0.607837
0.178960
0.772734
0.325339
0.644497
0.255563
0.196827
0.059009
0.469290
0.087822
0.583774
0.501005
0.950695
0.093896
0.078278
0.398341
0.194847
0.718573
0.690060
0.519347
0.614388
0.508568
0.025998
0.039987
0.424475
0.632397
0.731104
0.777219
0.308863
0.718097
0.816355
0.503628
0.423433
0.709020
0.125197
0.171009
0.640196
0.679496
0.684581
0.917435
0.249311
0.656526
0.829265
0.650121
0.999354
0.287745
0.253978
0.316196
0.099221
0.977276
0.452665
0.290102
0.321493
0.605800
0.884777
0.259349
0.897858
0.238981
0.062155
0.030142
0.103584
0.384824
0.166817
0.230470
0.430547
0.329264
0.728742
0.005773
0.506979
0.226507
0.470204
0.874067
0.677024
0.159686
0.111030
0.717865
0.448316
0.245168
0.815877
0.101472
0.868611
0.290754
0.218473
0.393309
0.126687
0.697174
0.399048
0.079455
0.084499
0.211109
0.770254
0.906134
0.381102
0.190221
0.479154
0.511592
0.470519
0.218929
0.034666
0.740571
0.721342
0.356062
0.920187
0.150696
0.606683
0.729338
0.542427
0.988376
0.047155
0.197482
0.462790
0.672787
0.219476
0.806959
0.004187
0.179057
0.954837
0.052653
0.067974
0.937616
0.897607
0.043295
0.604404
0.536104
0.396751
0.953790
0.051578
0.856246
0.377487
0.191638
0.549038
0.959885
0.434203
0.157039
0.981351
0.855203
0.249074
0.398749
0.276817
0.825776
0.493318
0.582028
0.702304
0.217611
0.329042
0.958050
0.234410
0.374638
0.296974
0.454272
0.262983
0.063207
0.755959
0.250380
0.485210
0.799481
0.126643
0.424542
0.619230
0.875221
0.835127
0.002431
0.000619
0.011570
0.077344
0.544063
0.887765
0.848353
0.912760
0.520606
0.551969
0.491970
0.485340
0.897779
0.609027
0.104365
0.054898
0.204322
0.635097
0.313108
0.317805
0.422490
0.783713
0.145949
0.897332
0.877976
0.423198
0.450288
0.978884
0.620693
0.726525
0.900853
0.974843
0.712727
0.374098
0.719689
0.254970
0.732589
0.375876
0.533128
0.773843
0.748135
0.947522
0.611177
0.028242
0.373236
0.540988
0.832525
0.641056
0.913925
0.053875
0.325664
0.754145
0.959016
0.153778
0.801290
0.326890
0.119826
0.619900
0.448474
0.474496
0.898099
0.867610
0.804852
0.635665
0.391467
0.472610
0.346059
0.325732
0.051372
0.720868
0.836305
0.176410
0.956984
0.228540
0.275256
0.085263
0.125883
0.223404
0.615552
0.226647
0.706418
0.826561
0.032512
0.964161
0.405011
0.747025
0.402559
0.621630
0.074863
0.384545
0.777621
0.518466
0.437475
0.199016
0.878679
0.599422
0.521667
0.872622
0.364713
0.005465
0.249295
0.600920
0.754131
0.541765
0.373984
0.832383
0.136489
0.158622
0.528088
0.359430
0.807788
0.161662
0.136681
0.719664
0.677681
0.358549
0.231907
0.690825
0.672546
0.702505
0.974231
0.942049
0.108996
0.233472
0.150272
0.795496
0.754604
0.713502
0.879542
0.365967
0.197876
0.775548
0.971332
0.198811
0.967513
0.991438
0.813230
0.750584
0.562666
0.829179
0.883771
0.370559
0.988413
0.180877
0.451682
0.199234
0.564489
0.421194
0.213391
0.931655
0.852725
0.667077
0.632213
0.706289
0.417503
0.429823
0.805082
0.507012
0.991724
0.680257
0.091596
0.954960
0.882023
0.085601
0.597357
0.318369
0.471008
0.107206
0.694865
0.735865
0.482599
0.652420
0.171161
0.418305
0.095515
0.441461
0.876000
0.532335
0.170881
0.706600
0.958825
0.063158
0.029673
0.873808
0.940259
0.606001
0.982395
0.598917
0.788589
0.693814
0.489389
0.488735
0.614788
0.313295
0.110634
0.320217
0.296371
0.478533
0.045682
0.548682
0.079599
0.540157
0.047681
0.953612
0.818418
0.036897
0.945143
0.798747
0.562182
0.639657
0.678743
0.900431
0.963118
0.050873
0.701404
0.046810
0.199843
0.518462
0.640526
0.046372
0.677673
0.692375
0.971847
0.809154
0.262242
0.995893
0.847625
0.909890
0.431740
0.132406
0.675271
0.152237
0.861592
0.135293
0.318298
0.999660
0.929329
0.191167
0.901163
0.279477
0.002204
0.621454
0.281633
0.804319
0.806462
0.614049
0.003339
0.799991
0.081912
0.750844
0.382891
0.586277
0.346930
0.244277
0.569727
0.633990
0.868756
0.193215
0.350677
0.042565
0.125992
0.540095
0.901536
0.635028
0.895222
0.205136
0.234123
0.118645
0.805392
0.872024
0.430889
0.024611
0.756406
0.013400
0.647529
0.748543
0.199998
0.773951
0.983217
0.824277
0.976992
0.757837
0.866248
0.621258
0.877390
0.894590
0.857327
0.142759
0.535236
0.350722
0.836132
0.342411
0.316564
0.040763
0.652777
0.702558
0.976993
0.478586
0.859814
0.601967
0.767389
0.847143
0.359134
0.357327
0.550366
0.962170
0.656617
0.208692
0.579085
0.977156
0.867523
0.491368
0.771787
0.184971
0.154824
0.883390
0.438460
0.097457
0.455801
0.695765
0.468608
0.868767
0.651501
0.658354
0.308883
0.621768
0.984069
0.238780
0.101560
0.734270
0.844122
0.351575
0.493962
0.898454
0.305601
0.738258
0.553091
0.423107
0.647728
0.206511
0.650713
0.364393
0.119935
0.859998
0.724842
0.120900
0.814938
0.466450
0.963676
0.681348
0.311419
0.991953
0.356488
0.197987
0.011074
0.690756
0.978215
0.979520
0.144686
0.942052
0.034362
0.539300
0.686355
0.330380
0.617187
0.674273
0.182221
0.676500
0.814295
0.659489
0.311148
0.277356
0.358141
0.457274
0.922494
0.223628
0.805010
0.301843
0.867618
0.228828
0.180398
0.598342
0.616889
0.798496
0.289327
0.212741
0.815781
0.380116
0.708378
0.736474
0.525935
0.977939
0.364003
0.366160
0.716155
0.987374
0.846517
0.807793
0.588800
0.396148
0.274919
0.478632
0.012764
0.355751
0.859848
0.808103
0.558350
0.220862
0.734150
0.475356
0.156898
0.257395
0.261370
0.388116
0.960307
0.505485
0.059471
0.710723
0.255857
0.037925
0.205709
0.058229
0.739684
0.506915
0.347490
0.434368
0.404496
0.152992
0.410837
0.897159
0.835004
0.357913
0.298156
0.254804
0.542996
0.891906
0.049017
0.794911
0.678937
0.960269
0.672173
0.817084
0.644604
0.157001
0.740130
0.609862
0.459856
0.726943
0.933442
0.722969
0.419031
0.036221
0.447933
0.280789
0.312690
0.774046
0.382354
0.144955
0.197113
0.475033
0.544496
0.130196
0.660806
0.348768
0.171935
0.808483
0.258339
0.044773
0.099069
0.157271
0.501976
0.392835
0.269163
0.457350
0.337070
0.058224
0.882327
0.128289
0.574817
0.592633
0.078724
0.246171
0.307376
0.771245
0.548748
0.368259
0.448016
0.540675
0.243326
0.599812
0.265113
0.722656
0.909315
0.899965
0.459587
0.759463
0.532130
0.869913
0.677931
0.360195
0.331123
0.813118
0.965719
0.189532
0.032916
0.268476
0.849707
0.876834
0.376456
0.999525
0.477139
0.324950
0.262108
0.764238
0.443050
0.603430
0.959695
0.039104
0.593085
0.612863
0.014021
0.609658
0.557962
0.813528
0.255051
0.214456
0.366796
0.016405
0.921782
0.818436
0.826330
0.727550
0.153376
0.692139
0.561875
0.886074
0.516442
0.914316
0.469893
0.915376
0.168898
0.451412
0.214060
0.543551
0.101626
0.410856
0.616405
0.910775
0.983018
0.890575
0.799114
0.696132
0.545906
0.906189
0.513989
0.258223
0.304257
0.242636
0.210709
0.534222
0.983136
0.249103
0.337712
0.227945
0.420334
0.572150
0.481456
0.050761
0.865577
0.633953
0.276334
0.460397
0.329576
0.334023
0.991707
0.370880
0.752855
0.551208
0.247580
0.831468
0.201448
0.981955
0.164566
0.615380
0.832210
0.708863
0.762259
0.342040
0.525827
0.170590
0.337707
0.911478
0.709654
0.416502
0.834418
0.205705
0.040002
0.442233
0.224773
0.109450
0.221053
0.000742
0.401320
0.929101
0.092759
0.959014
0.835057
0.756629
0.348639
0.954032
0.605557
0.588891
0.349309
0.334176
0.293535
0.816371
0.785674
0.788499
0.197738
0.584388
0.531750
0.703788
0.361091
0.418849
0.860026
0.714454
0.148006
0.432435
0.030277
0.888134
0.279201
0.008069
0.091524
0.752809
0.877383
0.940045
0.692329
0.259572
0.880257
0.130760
0.728124
0.028083
0.917511
0.407978
0.103102
0.480252
0.931062
0.573234
0.368240
0.689434
0.903481
0.555303
0.564453
0.689558
0.819250
0.300185
0.305288
0.774622
0.325342
0.498997
0.540864
0.744753
0.040287
0.396360
0.990190
0.629912
0.002810
0.577173
0.705598
0.052189
0.533965
0.763867
0.702489
0.251067
0.825685
0.403164
0.800093
0.914242
0.887199
0.572780
0.586023
0.282062
0.381386
0.985172
0.948322
0.651670
0.113963
0.366712
0.917192
0.038468
0.318949
0.141552
0.348280
0.272817
0.635921
0.558121
0.170711
0.899463
0.294583
0.147786
0.996411
0.438395
0.607562
0.412999
0.528129
0.622893
0.106477
0.086277
0.083321
0.044766
0.203423
0.215070
0.526567
0.927442
0.330346
0.580584
0.209532
0.635726
0.971101
0.803184
0.018221
0.583503
0.275798
0.129585
0.911180
0.777818
0.928276
0.421933
0.530087
0.844853
0.159579
0.189204
0.018309
0.375502
0.979415
0.673290
0.872535
0.337333
0.316833
0.054415
0.567619
0.543969
0.654970
0.971748
0.535931
0.089294
0.210511
0.195605
0.094781
0.710843
0.661211
0.762650
0.773332
0.157342
0.949289
0.664651
0.525950
0.700234
0.666520
0.366203
0.643469
0.107368
0.976926
0.991026
0.936207
0.027698
0.128059
0.019202
0.335387
0.720468
0.823735
0.781020
0.375058
0.869277
0.580623
0.370278
0.254594
0.233924
0.226443
0.100433
0.315302
0.812482
0.690562
0.153432
0.131997
0.183332
0.503924
0.256618
0.527083
0.800366
0.061343
0.423446
0.422956
0.593655
0.406320
0.160380
0.478011
0.276162
0.257423
0.920005
0.423843
0.229873
0.203975
0.242581
0.261190
0.554479
0.931442
0.629756
0.787704
0.170550
0.362210
0.303233
0.589196
0.137032
0.334531
0.074315
0.995448
0.719453
0.417208
0.208335
0.840453
0.322879
0.328330
0.594617
0.336474
0.210387
0.529485
0.190480
0.699675
0.123186
0.528073
0.338587
0.989497
0.991077
0.524923
0.395289
0.576470
0.563023
0.729875
0.934826
0.615080
0.978851
0.182655
0.016773
0.802556
0.604707
0.899601
0.580125
0.845719
0.849799
0.122670
0.326852
0.946197
0.305400
0.969210
0.192878
0.040700
0.536580
0.863370
0.431905
0.356288
0.792860
0.048455
0.730162
0.861155
0.625175
0.815293
0.840980
0.420617
0.723806
0.811598
0.308958
0.580900
0.903210
0.941590
0.401314
0.712078
0.184906
0.319770
0.062537
0.811521
0.709108
0.174795
0.331229
0.661327
0.071639
0.925427
0.796644
0.370041
0.063228
0.904635
0.842715
0.205823
0.249191
0.947534
0.417169
0.621599
0.094924
0.731336
0.677329
0.174953
0.265278
0.254581
0.446781
0.499999
0.560476
0.823852
0.180356
0.183157
0.388927
0.686244
0.522662
0.622691
0.870669
0.986458
0.135413
0.211196
0.236083
0.546587
0.645246
0.645441
0.146136
0.550399
0.117683
0.494092
0.540345
0.047860
0.632172
0.830678
0.759394
0.928600
0.516625
0.482255
0.358890
0.306695
0.186951
0.076269
0.237219
0.663052
0.435215
0.860981
0.206599
0.424145
0.350399
0.516634
0.042191
0.261965
0.050943
0.968722
0.958799
0.547869
0.210044
0.921928
0.893704
0.703976
0.103058
0.028529
0.386676
0.370086
0.484193
0.907516
0.902668
0.074169
0.175959
0.300948
0.630441
0.035624
0.144076
0.736637
0.529531
0.563856
0.883850
0.662197
0.679600
0.389435
0.642781
0.294010
0.889884
0.578529
0.702378
0.642709
0.712999
0.010943
0.963540
0.061859
0.216621
0.828674
0.817967
0.133707
0.940291
0.395826
0.373671
0.086473
0.567176
0.432793
0.797204
0.928857
0.368528
0.297159
0.464030
0.382548
0.391163
0.923256
0.179475
0.389596
0.217570
0.700163
0.904894
0.294111
0.766450
0.839194
0.135530
0.304512
0.590537
0.959414
0.337367
0.291814
0.144677
0.223905
0.940393
0.668510
0.474424
0.361395
0.673678
0.973790
0.080017
0.132919
0.649609
0.370980
0.422235
0.629170
0.741457
0.099537
0.411397
0.131235
0.302119
0.491268
0.078482
0.608952
0.065515
0.869478
0.692469
0.772933
0.963977
0.077239
0.865084
0.558947
0.417876
0.898351
0.931760
0.552092
0.574304
0.523571
0.179184
0.060927
0.503802
0.401878
0.758036
0.916457
0.956531
0.484901
0.780970
0.200550
0.945094
0.692168
0.154629
0.935879
0.280920
0.943920
0.830800
0.532843
0.632178
0.321594
0.323744
0.945206
0.378134
0.601943
0.252374
0.406249
0.727431
0.390574
0.868801
0.231948
0.160195
0.327898
0.279573
0.321046
0.865440
0.749690
0.691283
0.770981
0.728968
0.684578
0.409954
0.031078
0.684281
0.786830
0.886990
0.392858
0.060823
0.283727
0.430538
0.235112
0.324458
0.015215
0.801005
0.075463
0.276033
0.009736
0.911744
0.134284
0.046120
0.099012
0.597936
0.942326
0.318127
0.465035
0.298665
0.393054
0.334265
0.411559
0.537615
0.472170
0.445618
0.125255
0.672450
0.948385
0.077687
0.102622
0.277533
0.354461
0.426865
0.387689
0.693361
0.155716
0.197156
0.297257
0.506490
0.052690
0.497968
0.002285
0.291787
0.543730
0.965876
0.467998
0.155161
0.900050
0.251963
0.557177
0.882076
0.098135
0.713308
0.109022
0.651706
0.022907
0.827783
0.844835
0.776328
0.185049
0.339945
0.179051
0.484633
0.754563
0.809910
0.588756
0.069577
0.655425
0.518280
0.315108
0.046039
0.381766
0.164880
0.023929
0.375655
0.497589
0.282033
0.591976
0.286682
0.516160
0.054986
0.469892
0.253420
0.451691
0.885229
0.220827
0.843151
0.397153
0.510160
0.343640
0.511338
0.098299
0.964834
0.427055
0.825030
0.149355
0.985680
0.024825
0.582601
0.954180
0.818241
0.922074
0.343345
0.690781
0.870784
0.994014
0.814674
0.220398
0.327611
0.626208
0.457569
0.115835
0.423214
0.340283
0.184182
0.106328
0.845569
0.156882
0.986490
0.813184
0.930553
0.645026
0.271876
0.094572
0.650625
0.650899
0.839960
0.145221
0.857405
0.242295
0.087224
0.060283
0.091532
0.251178
0.098922
0.383460
0.231374
0.105828
0.842423
0.178126
0.617100
0.091937
0.068443
0.575066
0.962767
0.279759
0.050931
0.455049
0.838717
0.132139
0.378781
0.499418
0.967519
0.228872
0.890713
0.573537
0.198926
0.505107
0.597801
0.181001
0.504406
0.846189
0.158847
0.420354
0.746006
0.638672
0.090184
0.588918
0.815834
0.089279
0.863503
0.028729
0.370469
0.185466
0.928525
0.911977
0.961405
0.503224
0.726140
0.190193
0.542530
0.781111
0.503171
0.490695
0.457189
0.017115
0.033161
0.113083
0.693719
0.401057
0.261225
0.435066
0.500214
0.732702
0.630791
0.932644
0.437701
0.843925
0.246914
0.480003
0.974861
0.437532
0.458014
0.758217
0.701490
0.267705
0.325122
0.091834
0.678428
0.192120
0.295560
0.642199
0.970821
0.169112
0.038552
0.787952
0.411372
0.035184
0.968501
0.030219
0.229506
0.365321
0.566144
0.368095
0.858209
0.541162
0.704101
0.652871
0.810081
0.636946
0.080194
0.003243
0.403770
0.798703
0.334037
0.465846
0.038194
0.892657
0.954786
0.528926
0.866557
0.941137
0.120490
0.652535
0.651895
0.330863
0.415544
0.291393
0.445107
0.459253
0.249734
0.766377
0.710386
0.872706
0.381421
0.465817
0.090411
0.555454
0.331047
0.344452
0.015430
0.933728
0.636082
0.878636
0.594172
0.686452
0.625853
0.364163
0.371506
0.816764
0.480172
0.903879
0.134206
0.749205
0.588856
0.679514
0.921296
0.889170
0.850744
0.541197
0.390952
0.532204
0.255097
0.430032
0.722065
0.736207
0.419273
0.781045
0.670527
0.488760
0.574091
0.126279
0.570193
0.814507
0.721079
0.977992
0.517494
0.289836
0.755218
0.954484
0.650905
0.896703
0.204721
0.219306
0.464226
0.911096
0.493183
0.118700
0.645485
0.260420
0.587735
0.246413
0.011194
0.728576
0.625730
0.794675
0.178057
0.351507
0.243946
0.249942
0.031338
0.743911
0.797092
0.033724
0.605787
0.528031
0.283884
0.134427
0.965863
0.780035
0.943431
0.307072
0.845670
0.324844
0.386814
0.721004
0.698051
0.989485
0.733943
0.617490
0.651711
0.417260
0.228779
0.407917
0.649168
0.189818
0.863480
0.706730
0.704866
0.826620
0.140977
0.853191
0.474542
0.363978
0.075357
0.676621
0.882175
0.335435
0.424422
0.546296
0.151751
0.012318
0.001186
0.553515
0.447107
0.811381
0.580359
0.959399
0.137011
0.782022
0.093901
0.924246
0.649373
0.950902
0.695507
0.801682
0.628895
0.342867
0.683262
0.016955
0.223540
0.526949
0.210832
0.731637
0.640585
0.418778
0.694503
0.892615
0.060478
0.753317
0.615699
0.145782
0.166736
0.760197
0.084577
0.253448
0.785052
0.506937
0.824710
0.582573
0.299997
0.683853
0.878252
0.389108
0.391175
0.560860
0.478391
0.287727
0.699232
0.470290
0.630382
0.207914
0.156146
0.010145
0.367816
0.816284
0.304026
0.967858
0.405647
0.670118
0.082483
0.379652
0.512553
0.974818
0.533648
0.292884
0.216587
0.161401
0.429599
0.894848
0.521636
0.477283
0.829816
0.133756
0.245628
0.754800
0.411139
0.718108
0.835718
0.147922
0.307790
0.961017
0.252092
0.601336
0.124384
0.874588
0.212028
0.354012
0.000536
0.540610
0.347810
0.657278
0.958178
0.205236
0.069686
0.328944
0.094357
0.991181
0.650693
0.784058
0.365545
0.315932
0.306346
0.322883
0.502696
0.964646
0.005907
0.955815
0.606434
0.853492
0.512316
0.214477
0.248296
0.168283
0.418714
0.934039
0.686796
0.710404
0.395286
0.138381
0.644243
0.089871
0.482045
0.481943
0.000883
0.705969
0.101348
0.577239
0.371834
0.183826
0.307685
0.369714
0.499426
0.807503
0.648834
0.038507
0.340106
0.438661
0.479560
0.781658
0.349014
0.150030
0.827562
0.610298
0.924453
0.373143
0.428180
0.942715
0.799974
0.609195
0.014790
0.959918
0.045259
0.859903
0.992904
0.152872
0.215614
0.868958
0.977949
0.040254
0.614274
0.823210
0.288330
0.897981
0.990806
0.371622
0.961914
0.507140
0.308404
0.886978
0.243027
0.850496
0.919870
0.186392
0.029171
0.437517
0.782451
0.239223
0.610618
0.633236
0.170131
0.436130
0.212063
0.121176
0.392275
0.206822
0.906677
0.729887
0.912888
0.243782
0.933466
0.632651
0.936355
0.952728
0.516808
0.184531
0.677279
0.098056
0.497794
0.715076
0.444621
0.469715
0.281980
0.078663
0.024663
0.184727
0.234706
0.707054
0.833972
0.114867
0.945556
0.473288
0.403459
0.347376
0.332852
0.059757
0.215575
0.746439
0.830642
0.273626
0.165485
0.263863
0.103621
0.133771
0.651697
0.486584
0.543519
0.100651
0.095064
0.470331
0.634201
0.922377
0.700408
0.728703
0.016477
0.424403
0.114347
0.760825
0.391413
0.638886
0.382715
0.924930
0.434584
0.810392
0.407203
0.937958
0.964252
0.541984
0.106626
0.829295
0.710454
0.243814
0.249518
0.524586
0.837101
0.527934
0.808482
0.048698
0.355209
0.307469
0.678971
0.988756
0.164657
0.661436
0.668788
0.210752
0.727490
0.561403
0.620740
0.072004
0.395421
0.175870
0.906132
0.520727
0.613857
0.358833
0.509915
0.470469
0.145389
0.553299
0.598356
0.685207
0.446574
0.098469
0.816739
0.746887
0.934955
0.325713
0.536741
0.083134
0.209281
0.012147
0.274070
0.377798
0.577545
0.699592
0.553370
0.218432
0.175946
0.021579
0.910738
0.718635
0.502749
0.372179
0.054374
0.004587
0.343035
0.874602
0.344169
0.022979
0.468773
0.641502
0.152340
0.588136
0.742856
0.561335
0.035578
0.808000
0.155728
0.121000
0.847525
0.029513
0.986196
0.227901
0.113296
0.240508
0.297263
0.530170
0.104546
0.583334
0.950683
0.076313
0.116438
0.821969
0.056701
0.538793
0.555702
0.008492
0.697054
0.215601
0.697510
0.363183
0.578045
0.932824
0.600096
0.806942
0.044110
0.885862
0.405152
0.366349
0.052252
0.577097
0.001346
0.500081
0.139474
0.967591
0.314592
0.596134
0.755250
0.091464
0.986832
0.264575
0.123463
0.981562
0.770959
0.304237
0.728149
0.259306
0.042857
0.455004
0.447339
0.307952
0.051056
0.989859
0.527804
0.595652
0.242850
0.915966
0.910755
0.702442
0.545482
0.315273
0.346563
0.556048
0.532159
0.928090
0.860990
0.621676
0.084631
0.974808
0.717896
0.510941
0.598519
0.430221
0.585125
0.804044
0.886982
0.920454
0.789190
0.237240
0.688936
0.746670
0.024857
0.411923
0.992380
0.276787
0.971294
0.392489
0.726307
0.978112
0.843944
0.586541
0.835449
0.237324
0.282596
0.008988
0.138824
0.596395
0.019166
0.159633
0.944681
0.036339
0.659340
0.901097
0.525890
0.247802
0.739941
0.997567
0.816936
0.554916
0.897135
0.096774
0.494998
0.158861
0.375887
0.429009
0.821252
0.811318
0.170854
0.236924
0.484776
0.046355
0.293169
0.636128
0.251753
0.572221
0.651779
0.693166
0.768362
0.124305
0.937264
0.917290
0.013260
0.026515
0.813739
0.179356
0.194368
0.525999
0.950627
0.285329
0.959459
0.056810
0.176067
0.205259
0.217452
0.879280
0.561702
0.333596
0.298273
0.297887
0.607405
0.207923
0.586121
0.831825
0.311390
0.728204
0.580528
0.164163
0.655958
0.030467
0.457266
0.225238
0.252039
0.828193
0.404083
0.914168
0.540322
0.785017
0.086910
0.251524
0.474671
0.408032
0.672181
0.119560
0.066769
0.204704
0.995837
0.807423
0.400702
0.153526
0.382087
0.279669
0.003124
0.174614
0.505663
0.793415
0.244758
0.629828
0.642408
0.663741
0.195695
0.231686
0.387465
0.554470
0.570061
0.977103
0.043614
0.265268
0.570719
0.868965
0.931022
0.112483
0.248078
0.245199
0.738574
0.249722
0.660401
0.764919
0.500780
0.765356
0.764382
0.728696
0.549543
0.911465
0.264287
0.200855
0.101663
0.612041
0.567121
0.896338
0.778246
0.207255
0.783401
0.938278
0.859189
0.634820
0.714022
0.021909
0.882710
0.039891
0.750989
0.295161
0.252708
0.228728
0.298109
0.617641
0.374784
0.488117
0.301979
0.776970
0.661491
0.515906
0.447951
0.935042
0.868315
0.519808
0.570829
0.892591
0.298099
0.672009
0.682168
0.239140
0.035627
0.285014
0.328245
0.128097
0.750257
0.310709
0.117472
0.433532
0.655829
0.207492
0.156757
0.121495
0.244691
0.284246
0.235533
0.283930
0.975484
0.234416
0.802096
0.524151
0.439413
0.843544
0.777286
0.257898
0.771505
0.153354
0.008121
0.037268
0.760096
0.660182
0.850224
0.745652
0.646926
0.571501
0.001237
0.144404
0.181260
0.812272
0.381819
0.960461
0.763939
0.213258
0.760408
0.772704
0.277830
0.105286
0.497794
0.225434
0.131050
0.376263
0.289588
0.714676
0.991996
0.489349
0.805388
0.251629
0.150611
0.559672
0.744181
0.696900
0.096528
0.137389
0.201568
0.210739
0.321801
0.665584
0.837425
0.040992
0.245395
0.457808
0.389953
0.204440
0.304547
0.697590
0.539241
0.163417
0.704692
0.793273
0.300262
0.887297
0.479288
0.621516
0.091684
0.398910
0.715941
0.485312
0.718258
0.908246
0.956992
0.144353
0.329737
0.438657
0.812172
0.738035
0.403443
0.265455
0.130506
0.572457
0.341056
0.060199
0.909467
0.974718
0.876193
0.136911
0.705078
0.288057
0.263455
0.594767
0.599399
0.490108
0.069822
0.167637
0.527799
0.854001
0.274251
0.051199
0.500784
0.840265
0.754538
0.252777
0.374133
0.437264
0.769545
0.518626
0.713417
0.749048
0.574327
0.161188
0.759729
0.709430
0.297758
0.764512
0.076990
0.807135
0.721023
0.897372
0.995355
0.808449
0.544257
0.874206
0.705868
0.349608
0.896737
0.400539
0.872733
0.063470
0.216812
0.686951
0.517717
0.630446
0.398005
0.628125
0.895640
0.022052
0.243580
0.867933
0.513408
0.223858
0.342965
0.162376
0.317316
0.528262
0.633655
0.911460
0.034566
0.572868
0.896688
0.141397
0.598175
0.253903
0.635562
0.096137
0.889794
0.069227
0.605497
0.391793
0.241993
0.552453
0.461971
0.309552
0.527414
0.126531
0.636869
0.275616
0.957287
0.612920
0.888362
0.214843
0.217289
0.279893
0.814328
0.679471
0.502038
0.577401
0.947279
0.461567
0.711668
0.566624
0.277639
0.611146
0.375192
0.047149
0.685943
0.037598
0.927951
0.133287
0.158334
0.122969
0.869579
0.934906
0.979672
0.538053
0.350294
0.869390
0.327869
0.712192
0.377955
0.010814
0.418320
0.586194
0.636747
0.180063
0.211351
0.364711
0.616235
0.027286
0.017422
0.782475
0.685664
0.349356
0.275664
0.534320
0.866543
0.058545
0.100961
0.063842
0.654893
0.513661
0.446270
0.238912
0.767515
0.258248
0.893706
0.708410
0.331794
0.275563
0.122828
0.323038
0.223027
0.739747
0.941626
0.504547
0.927619
0.646497
0.004437
0.468167
0.246867
0.988759
0.612737
0.146623
0.255784
0.002892
0.441550
0.130530
0.302761
0.224081
0.405995
0.239155
0.878423
0.073597
0.874292
0.634805
0.820047
0.709858
0.795007
0.770242
0.745047
0.617886
0.377070
0.753906
0.147984
0.982985
0.233399
0.238748
0.411251
0.514766
0.224405
0.075025
0.272354
0.428192
0.133003
0.448170
0.086772
0.586821
0.378490
0.902944
0.569396
0.606108
0.806342
0.027736
0.993591
0.052677
0.611001
0.003005
0.102446
0.380058
0.652238
0.314199
0.209614
0.552371
0.121709
0.805413
0.310600
0.820844
0.905992
0.024871
0.981754
0.194306
0.886657
0.027503
0.473583
0.434761
0.581141
0.607334
0.211064
0.269686
0.815390
0.196648
0.023923
0.081199
0.145317
0.150307
0.868589
0.922900
0.714378
0.342629
0.704444
0.219548
0.449119
0.249035
0.913883
0.444002
0.810658
0.277162
0.821014
0.886815
0.876823
0.006583
0.021596
0.563851
0.473838
0.713321
0.870946
0.813859
0.550875
0.225645
0.845659
0.114786
0.196303
0.771001
0.222775
0.982112
0.791791
0.557778
0.250428
0.668372
0.226536
0.011634
0.795617
0.129459
0.351167
0.043245
0.061112
0.680179
0.842817
0.440853
0.229449
0.093463
0.823588
0.532695
0.990241
0.993892
0.129296
0.154093
0.766626
0.084942
0.379118
0.511934
0.145615
0.271688
0.338683
0.185287
0.158871
0.014122
0.795043
0.003836
0.590977
0.770595
0.534125
0.164593
0.747625
0.805302
0.064463
0.805309
0.008272
0.773401
0.711310
0.801245
0.522484
0.828193
0.513913
0.652427
0.246062
0.592037
0.056270
0.551480
0.646038
0.515938
0.837655
0.011938
0.383029
0.806520
0.967215
0.991884
0.655276
0.467159
0.850203
0.199319
0.074073
0.892070
0.517891
0.937812
0.338811
0.046967
0.425592
0.757875
0.724531
0.812364
0.117756
0.102088
0.877891
0.945776
0.283470
0.608249
0.940969
0.811868
0.568638
0.120138
0.145058
0.147323
0.808293
0.674369
0.353041
0.011030
0.477028
0.001578
0.383943
0.390199
0.018673
0.115408
0.115079
0.666149
0.291307
0.166802
0.041401
0.793149
0.562456
0.150623
0.403997
0.731665
0.313962
0.699581
0.854281
0.509556
0.075040
0.464136
0.288346
0.222849
0.707825
0.979551
0.660362
0.282912
0.041017
0.543512
0.018991
0.337862
0.037350
0.845734
0.300288
0.137260
0.046337
0.494418
0.452156
0.316832
0.845844
0.642338
0.062387
0.135667
0.650002
0.687654
0.483492
0.309001
0.487536
0.740636
0.337235
0.526490
0.879919
0.384337
0.166926
0.938802
0.377929
0.843757
0.220526
0.816735
0.819812
0.900318
0.025992
0.577124
0.398384
0.015923
0.998366
0.645665
0.207465
0.065442
0.870342
0.716366
0.029281
0.434055
0.003760
0.424587
0.502335
0.440460
0.395939
0.847923
0.121140
0.433848
0.259713
0.808679
0.222061
0.420400
0.242456
0.588009
0.388619
0.035064
0.101818
0.139347
0.167308
0.558636
0.213998
0.160152
0.581772
0.304808
0.477273
0.447651
0.364113
0.503658
0.926146
0.214811
0.082724
0.809978
0.710494
0.409863
0.560735
0.666999
0.519659
0.970447
0.056447
0.860656
0.791363
0.503336
0.556860
0.377403
0.615584
0.490267
0.438433
0.943628
0.923411
0.339769
0.821790
0.390321
0.832846
0.405562
0.000462
0.864487
0.554926
0.263700
0.666888
0.959682
0.913894
0.481314
0.965882
0.610869
0.184816
0.677922
0.225088
0.486142
0.997711
0.257211
0.046666
0.622328
0.858006
0.421840
0.340207
0.543093
0.501150
0.852222
0.451668
0.851879
0.991926
0.870760
0.116182
0.842203
0.413363
0.926389
0.246434
0.321026
0.182041
0.177487
0.992886
0.332828
0.219420
0.391903
0.359716
0.088786
0.869362
0.991778
0.753111
0.539057
0.526122
0.257902
0.386174
0.753205
0.828102
0.781276
0.093290
0.718122
0.493064
0.235661
0.534859
0.510740
0.086101
0.701785
0.431714
0.131009
0.981780
0.070877
0.977839
0.031297
0.583833
0.659703
0.909761
0.819791
0.664907
0.977874
0.278319
0.289627
0.067201
0.484829
0.976067
0.164897
0.476686
0.955956
0.122752
0.990540
0.928090
0.714935
0.856261
0.829776
0.465017
0.074402
0.381827
0.287977
0.899289
0.018321
0.117393
0.665030
0.979626
0.803479
0.533009
0.468561
0.974745
0.292674
0.925700
0.234383
0.423512
0.737136
0.573151
0.906832
0.332938
0.709374
0.058341
0.048546
0.744968
0.569179
0.917358
0.029099
0.661804
0.826676
0.247938
0.385659
0.376843
0.725960
0.773567
0.754380
0.523456
0.587869
0.380322
0.347651
0.363712
0.568815
0.525581
0.331716
0.779886
0.081107
0.589220
0.741699
0.959741
0.794631
0.928124
0.161389
0.303225
0.772521
0.368653
0.051035
0.518870
0.176336
0.823642
0.538773
0.109877
0.492473
0.057431
0.928023
0.843575
0.918101
0.277499
0.372347
0.382719
0.726183
0.739909
0.354806
0.737501
0.898041
0.336039
0.043107
0.260434
0.354379
0.958370
0.326724
0.033233
0.395048
0.001322
0.902953
0.787675
0.304045
0.542869
0.822572
0.362911
0.916887
0.555473
0.803126
0.303016
0.392257
0.716342
0.961284
0.792972
0.592407
0.681585
0.103679
0.747867
0.743324
0.619934
0.968348
0.326335
0.904451
0.055466
0.918682
0.211016
0.169772
0.789335
0.577104
0.102705
0.203710
0.045957
0.573861
0.253757
0.574879
0.130733
0.058489
0.647337
0.997862
0.628953
0.651286
0.801626
0.319382
0.212884
0.752516
0.116523
0.217810
0.700391
0.959413
0.460226
0.948878
0.059028
0.925076
0.015002
0.599701
0.984047
0.070271
0.852509
0.963139
0.006930
0.051163
0.177940
0.867041
0.389098
0.754516
0.251051
0.843183
0.284128
0.039444
0.021867
0.400627
0.471686
0.955318
0.901645
0.210380
0.045605
0.537737
0.625398
0.816151
0.746629
0.860250
0.760831
0.501471
0.937031
0.121775
0.247798
0.869901
0.542680
0.164737
0.731194
0.326192
0.135474
0.052799
0.468281
0.667683
0.531649
0.268211
0.520761
0.488693
0.765349
0.975601
0.378956
0.638299
0.886388
0.930513
0.764422
0.607955
0.633952
0.463034
0.846581
0.694183
0.714795
0.764995
0.153798
0.681273
0.429405
0.960224
0.889030
0.416407
0.833323
0.591737
0.402377
0.896748
0.651745
0.749741
0.098273
0.055689
0.208528
0.207126
0.999855
0.576590
0.435171
0.658692
0.273474
0.175274
0.559539
0.084778
0.773115
0.293326
0.108052
0.781950
0.353267
0.232471
0.048719
0.684590
0.475553
0.251414
0.247270
0.338365
0.486408
0.954072
0.100987
0.853426
0.951342
0.217460
0.457234
0.287433
0.627932
0.741241
0.364245
0.928488
0.401717
0.013239
0.688269
0.248016
0.075969
0.262801
0.566211
0.401503
0.224351
0.981342
0.231708
0.949056
0.454763
0.886331
0.849323
0.378274
0.336830
0.767903
0.393154
0.242421
0.680334
0.152175
0.649907
0.951218
0.874806
0.656612
0.674192
0.412876
0.763394
0.003772
0.370873
0.253484
0.867752
0.582866
0.160718
0.433159
0.463821
0.815343
0.326819
0.659097
0.888058
0.235112
0.335721
0.815345
0.720154
0.144724
0.800829
0.148274
0.693126
0.829788
0.793914
0.970361
0.369495
0.243397
0.199939
0.695890
0.679234
0.115573
0.790980
0.783636
0.340565
0.318680
0.110910
0.674901
0.237009
0.220532
0.256636
0.322370
0.229719
0.013904
0.877755
0.221070
0.827391
0.440784
0.987137
0.907211
0.283527
0.981280
0.820218
0.920499
0.467100
0.751530
0.946905
0.839523
0.152036
0.649397
0.232364
0.846286
0.882432
0.388627
0.367031
0.986142
0.807188
0.076969
0.499561
0.891939
0.203692
0.609823
0.554087
0.427883
0.012073
0.607443
0.590147
0.044486
0.206348
0.107765
0.757865
0.970818
0.637742
0.355170
0.008173
0.029708
0.670032
0.876459
0.017209
0.460846
0.710520
0.390361
0.116437
0.039732
0.941072
0.226461
0.560028
0.132220
0.739935
0.559430
0.357923
0.209656
0.870271
0.592981
0.679941
0.853570
0.148251
0.801923
0.410067
0.638203
0.501507
0.796693
0.005115
0.411105
0.706802
0.695792
0.944796
0.160955
0.473164
0.317663
0.474540
0.306076
0.812737
0.804106
0.773822
0.784938
0.280138
0.987970
0.991954
0.036935
0.412509
0.897465
0.917691
0.152861
0.993372
0.976344
0.121521
0.695874
0.849449
0.179184
0.728885
0.518484
0.293689
0.674975
0.970453
0.128327
0.036182
0.972403
0.135164
0.689521
0.444025
0.218032
0.149755
0.718402
0.715146
0.571387
0.014642
0.705164
0.882450
0.899791
0.860284
0.672462
0.883104
0.117462
0.083325
0.592678
0.913047
0.637163
0.346729
0.207951
0.877041
0.480273
0.324123
0.887834
0.650732
0.283244
0.212109
0.486909
0.357551
0.705853
0.410958
0.015362
0.186084
0.137166
0.902526
0.420860
0.483205
0.843742
0.375487
0.268548
0.091681
0.368753
0.425688
0.335495
0.469941
0.823985
0.656565
0.367430
0.516969
0.056029
0.548627
0.021379
0.956320
0.556706
0.580062
0.669043
0.938319
0.667935
0.501578
0.437226
0.167440
0.428222
0.266415
0.756610
0.583754
0.879391
0.494416
0.788313
0.025486
0.465663
0.170629
0.684913
0.744200
0.576400
0.720976
0.005739
0.167532
0.469466
0.513032
0.351550
0.913619
0.522780
0.237219
0.895953
0.705949
0.852165
0.924108
0.893210
0.816309
0.269416
0.494747
0.364381
0.851431
0.655511
0.817947
0.022375
0.018925
0.962704
0.119569
0.083824
0.608782
0.801374
0.670961
0.488286
0.926370
0.304448
0.054655
0.004971
0.430277
0.453706
0.894321
0.668961
0.354420
0.253495
0.953522
0.388280
0.448172
0.059707
0.255253
0.392075
0.819551
0.396670
0.556380
0.983676
0.838066
0.640076
0.884790
0.955946
0.081580
0.794921
0.971692
0.221215
0.811559
0.924835
0.327438
0.185150
0.022996
0.029807
0.714016
0.099629
0.540485
0.893376
0.563578
0.109520
0.619611
0.967714
0.384461
0.976950
0.722001
0.797487
0.970725
0.894697
0.097360
0.942157
0.257587
0.142086
0.175790
0.239072
0.571849
0.652385
0.310688
0.029259
0.740485
0.948417
0.943461
0.710951
0.303593
0.720416
0.817669
0.192466
0.535439
0.448988
0.600573
0.258647
0.239821
0.876153
0.622365
0.341528
0.868477
0.612626
0.439708
0.659531
0.917280
0.878925
0.150058
0.615177
0.495284
0.986061
0.078059
0.156087
0.251658
0.690909
0.716719
0.042890
0.232684
0.104321
0.472520
0.731944
0.889328
0.150224
0.321656
0.701530
0.880329
0.069381
0.817884
0.133529
0.977469
0.140064
0.257826
0.238616
0.809639
0.993082
0.160548
0.074750
0.285434
0.962627
0.136677
0.069060
0.506350
0.637942
0.301857
0.881160
0.942785
0.819951
0.716411
0.547650
0.173843
0.793899
0.164368
0.347009
0.734093
0.864081
0.630314
0.157543
0.072761
0.472489
0.687826
0.304113
0.093885
0.031339
0.236907
0.174188
0.855357
0.204180
0.532793
0.977596
0.338378
0.594500
0.699039
0.300592
0.384398
0.055705
0.684799
0.936164
0.305406
0.230284
0.130688
0.691261
0.300629
0.650425
0.421040
0.205774
0.851132
0.613523
0.766885
0.017486
0.490782
0.962626
0.086124
0.037717
0.185825
0.590079
0.031564
0.184905
0.104956
0.404086
0.937725
0.870878
0.071079
0.411679
0.425446
0.765242
0.525038
0.058282
0.528583
0.608127
0.937882
0.930766
0.019699
0.288650
0.151019
0.870397
0.771229
0.049748
0.624859
0.036359
0.822354
0.134643
0.980816
0.730044
0.340208
0.208913
0.639679
0.669225
0.706802
0.299553
0.119555
0.863558
0.619180
0.801778
0.778357
0.837791
0.809379
0.159420
0.441755
0.261776
0.772506
0.411631
0.671428
0.265672
0.665400
0.334009
0.739016
0.749311
0.195471
0.032215
0.230694
0.771229
0.200646
0.417488
0.388508
0.619764
0.071866
0.714255
0.390631
0.949858
0.878771
0.933886
0.902840
0.057126
0.869461
0.921015
0.567402
0.515364
0.583017
0.414158
0.297615
0.599084
0.895904
0.120284
0.856299
0.532458
0.904708
0.318304
0.636070
0.293423
0.549534
0.425502
0.982376
0.843424
0.769029
0.037518
0.989979
0.604976
0.503329
0.484467
0.249814
0.467031
0.165769
0.337125
0.833399
0.888058
0.083290
0.424167
0.426015
0.666777
0.105221
0.573114
0.175229
0.627117
0.864148
0.455854
0.793657
0.866647
0.711118
0.888455
0.062074
0.619671
0.617393
0.874556
0.671968
0.320078
0.604435
0.233945
0.444799
0.986611
0.943601
0.151582
0.176182
0.385009
0.310736
0.483161
0.689811
0.485839
0.342138
0.167388
0.771180
0.559206
0.663777
0.537153
0.492116
0.150543
0.280370
0.597332
0.351232
0.733930
0.923588
0.420956
0.673942
0.822241
0.339067
0.306672
0.555246
0.220009
0.700611
0.668986
0.625909
0.577646
0.928739
0.013033
0.556264
0.391611
0.458617
0.361224
0.053424
0.344178
0.846588
0.375640
0.435836
0.178726
0.169039
0.249536
0.003390
0.758481
0.760095
0.451455
0.499692
0.563141
0.121850
0.917884
0.036630
0.789727
0.768696
0.214201
0.189022
0.734523
0.239946
0.270073
0.898619
0.024160
0.096206
0.350937
0.483882
0.527934
0.163710
0.957324
0.505552
0.349407
0.373116
0.151671
0.256501
0.901294
0.876095
0.336779
0.803831
0.220782
0.679198
0.727376
0.836105
0.549786
0.282058
0.566215
0.530896
0.412712
0.687686
0.530553
0.609946
0.380162
0.753219
0.549496
0.527956
0.174715
0.939122
0.566815
0.759862
0.118970
0.495174
0.460239
0.976940
0.340084
0.463444
0.021308
0.482626
0.778237
0.105131
0.225163
0.323582
0.102586
0.707114
0.857247
0.102609
0.235126
0.998432
0.946442
0.529465
0.485132
0.489132
0.425417
0.751707
0.310361
0.082743
0.190892
0.713098
0.676189
0.074383
0.879042
0.211388
0.178291
0.142152
0.052857
0.070598
0.460505
0.204094
0.125310
0.849563
0.424927
0.717895
0.086737
0.800779
0.653352
0.783693
0.259131
0.009248
0.331319
0.433360
0.179899
0.663589
0.813222
0.655850
0.546709
0.839571
0.715673
0.459212
0.377291
0.074925
0.750465
0.517980
0.239504
0.327862
0.807005
0.105921
0.324439
0.567360
0.810891
0.847105
0.118327
0.628598
0.136255
0.777746
0.883104
0.270589
0.478543
0.425460
0.697076
0.337207
0.553145
0.853119
0.974478
0.603212
0.498139
0.398296
0.174309
0.209826
0.630850
0.543574
0.673104
0.933160
0.650926
0.939905
0.737228
0.892257
0.084083
0.504271
0.715313
0.953485
0.984434
0.819526
0.223681
0.877331
0.553055
0.640231
0.630462
0.640970
0.834313
0.114773
0.183570
0.100398
0.831143
0.982527
0.950357
0.937882
0.017165
0.708883
0.093263
0.601887
0.880958
0.534573
0.102787
0.517732
0.177462
0.180970
0.909023
0.363944
0.809886
0.003139
0.118632
0.776668
0.894085
0.142834
0.310682
0.731813
0.913053
0.855717
0.750949
0.031023
0.644954
0.935299
0.770834
0.186696
0.958524
0.748639
0.864756
0.702475
0.228086
0.875602
0.151136
0.746648
0.260217
0.998839
0.854499
0.988316
0.085899
0.119006
0.975077
0.392414
0.689627
0.653065
0.698671
0.184260
0.340566
0.758648
0.894681
0.402961
0.775487
0.625508
0.501443
0.354009
0.144413
0.176789
0.065159
0.059005
0.246403
0.252938
0.989177
0.129795
0.854628
0.922758
0.953845
0.371226
0.609609
0.653894
0.579603
0.870515
0.182269
0.813446
0.691353
0.388083
0.823717
0.473028
0.350696
0.802544
0.224088
0.796417
0.194080
0.314911
0.289329
0.282768
0.285880
0.303067
0.727703
0.324731
0.109778
0.644497
0.829867
0.920061
0.518340
0.577372
0.233730
0.487860
0.725576
0.490505
0.043392
0.443534
0.979946
0.694856
0.468116
0.203902
0.439222
0.575317
0.260887
0.529279
0.555297
0.553654
0.460504
0.869061
0.030380
0.333530
0.846485
0.763673
0.347419
0.554976
0.660364
0.179027
0.260295
0.363277
0.925289
0.955257
0.672809
0.500368
0.076860
0.623093
0.123553
0.247908
0.809657
0.825150
0.262177
0.479574
0.559702
0.441714
0.457896
0.031871
0.968469
0.452482
0.799672
0.437321
0.287837
0.083728
0.329321
0.576012
0.635475
0.243077
0.451856
0.673950
0.027103
0.099125
0.662648
0.185268
0.261120
0.617733
0.747330
0.054795
0.867614
0.352505
0.949791
0.699634
0.914612
0.217243
0.885454
0.994716
0.453499
0.713362
0.951887
0.217177
0.907574
0.587358
0.888106
0.333697
0.242202
0.735968
0.358823
0.007584
0.719605
0.994499
0.270500
0.033447
0.341398
0.034109
0.106272
0.328233
0.914837
0.229222
0.727072
0.868542
0.575076
0.683133
0.914290
0.594875
0.140290
0.216424
0.838620
0.131384
0.364079
0.303059
0.497453
0.772787
0.188804
0.272102
0.904545
0.305077
0.827196
0.567978
0.197086
0.317018
0.015522
0.088736
0.667016
0.917359
0.277915
0.263264
0.859688
0.600510
0.848266
0.050618
0.477689
0.177347
0.685227
0.575510
0.847889
0.186197
0.501827
0.596181
0.325909
0.638205
0.506408
0.823094
0.647614
0.875547
0.615205
0.630686
0.358349
0.114352
0.535507
0.638097
0.253492
0.857748
0.583687
0.237120
0.211687
0.755431
0.142484
0.527410
0.169002
0.599305
0.041686
0.751846
0.872903
0.459637
0.271900
0.935147
0.576951
0.406652
0.433723
0.793201
0.231282
0.226573
0.604734
0.014703
0.845219
0.798425
0.340712
0.552968
0.993054
0.080956
0.842038
0.308207
0.947992
0.137799
0.252283
0.550895
0.175406
0.323348
0.561549
0.251211
0.540082
0.800243
0.023943
0.300172
0.744067
0.757986
0.875701
0.845852
0.261927
0.517613
0.503034
0.313040
0.788228
0.060335
0.477337
0.791815
0.166377
0.817847
0.474442
0.149450
0.742537
0.894992
0.509185
0.450255
0.179080
0.281814
0.261840
0.862856
0.768970
0.244866
0.798459
0.834799
0.567144
0.981610
0.527890
0.479213
0.120903
0.211489
0.116922
0.929502
0.805198
0.879711
0.154855
0.141335
0.926453
0.152500
0.923276
0.990922
0.018864
0.772711
0.239360
0.547022
0.859746
0.365430
0.572310
0.408785
0.065188
0.023783
0.380750
0.459776
0.837118
0.964374
0.575292
0.976342
0.148559
0.305921
0.034496
0.019002
0.537933
0.831172
0.753945
0.909653
0.344074
0.481819
0.468028
0.010953
0.584572
0.098311
0.159787
0.101620
0.226909
0.984649
0.876314
0.675552
0.374797
0.906666
0.007755
0.895648
0.462923
0.654151
0.113125
0.285767
0.533014
0.275963
0.468526
0.152723
0.433346
0.270591
0.011595
0.616403
0.912433
0.127506
0.026704
0.913276
0.745470
0.039247
0.358065
0.265337
0.763741
0.787721
0.867299
0.217022
0.131606
0.859327
0.151925
0.145088
0.655371
0.101996
0.371758
0.399734
0.095238
0.628020
0.063630
0.352838
0.921587
0.296271
0.680548
0.101278
0.164936
0.809844
0.155013
0.596357
0.894164
0.778023
0.559875
0.360502
0.099970
0.373828
0.601703
0.800543
0.364691
0.328880
0.668882
0.102855
0.965066
0.377073
0.417289
0.071319
0.133067
0.312973
0.630148
0.345603
0.704142
0.431697
0.879225
0.334441
0.400780
0.112610
0.984673
0.839721
0.084814
0.180392
0.390835
0.042281
0.554833
0.762844
0.114768
0.332583
0.655915
0.713475
0.086879
0.477450
0.838400
0.337642
0.422488
0.776876
0.188367
0.587325
0.916356
0.236556
0.263776
0.232413
0.172201
0.503895
0.867802
0.433215
0.545449
0.871349
0.655152
0.744140
0.713586
0.895551
0.592651
0.286467
0.332878
0.172811
0.299795
0.437702
0.924229
0.352307
0.517401
0.919472
0.220213
0.641793
0.256470
0.248817
0.988353
0.156262
0.947596
0.041398
0.625798
0.831175
0.078635
0.961767
0.523665
0.133742
0.073520
0.881744
0.633466
0.430699
0.513355
0.043926
0.194310
0.697327
0.872613
0.316403
0.382257
0.552393
0.859772
0.072999
0.196542
0.878694
0.073985
0.508143
0.698478
0.722738
0.383580
0.765767
0.494958
0.881159
0.292876
0.616897
0.474798
0.292283
0.199604
0.522207
0.505137
0.748476
0.088574
0.421639
0.115020
0.300459
0.843781
0.244741
0.187907
0.816385
0.250802
0.655822
0.407390
0.312909
0.214684
0.601102
0.977256
0.010768
0.521377
0.012929
0.618637
0.639231
0.934601
0.608077
0.346621
0.424902
0.960894
0.134691
0.790923
0.290441
0.554041
0.456886
0.793075
0.827283
0.598048
0.632455
0.922573
0.410983
0.972776
0.222224
0.548729
0.195321
0.927164
0.624082
0.243306
0.086104
0.437742
0.641913
0.513030
0.813102
0.870390
0.502914
0.478733
0.719925
0.494696
0.754559
0.109089
0.584963
0.471470
0.460307
0.259235
0.123790
0.490942
0.715858
0.708930
0.246952
0.153299
0.621767
0.409629
0.637817
0.703648
0.835768
0.226803
0.403962
0.785394
0.872584
0.007413
0.132907
0.613034
0.099233
0.982561
0.388080
0.233004
0.720724
0.257584
0.161436
0.795369
0.570208
0.195118
0.515245
0.592529
0.595015
0.897838
0.981114
0.857217
0.256814
0.187055
0.332736
0.216922
0.187031
0.769630
0.473843
0.154959
0.627775
0.787754
0.609732
0.337695
0.371165
0.110109
0.221457
0.679805
0.220288
0.973393
0.205604
0.831859
0.209015
0.050701
0.925189
0.236310
0.843313
0.894006
0.516359
0.865017
0.577960
0.970407
0.162502
0.041742
0.802488
0.308213
0.975241
0.764279
0.056674
0.396433
0.974676
0.276650
0.373415
0.524068
0.798978
0.710776
0.804464
0.288414
0.534750
0.517902
0.043549
0.411112
0.785351
0.641541
0.429478
0.193298
0.300577
0.094391
0.421638
0.061614
0.051596
0.760563
0.728356
0.665888
0.768098
0.513335
0.561996
0.346514
0.481771
0.622597
0.845613
0.133755
0.902593
0.910650
0.192428
0.371217
0.967927
0.180431
0.742956
0.142772
0.719970
0.181201
0.357237
0.993063
0.491023
0.503465
0.400995
0.977370
0.103038
0.333969
0.266166
0.334034
0.482784
0.072150
0.492926
0.991609
0.917913
0.656670
0.707873
0.144828
0.330207
0.359759
0.468092
0.401423
0.457634
0.476471
0.293609
0.088338
0.857735
0.631206
0.801898
0.111093
0.016296
0.713733
0.574461
0.474714
0.972766
0.681750
0.690846
0.346444
0.973452
0.643578
0.070463
0.033713
0.385032
0.264555
0.394702
0.804753
0.842718
0.305289
0.524348
0.495099
0.329957
0.596348
0.311401
0.452016
0.848633
0.178578
0.470646
0.640975
0.684951
0.405077
0.579083
0.174895
0.681992
0.056425
0.135111
0.686947
0.156767
0.053954
0.998719
0.533938
0.945743
0.504644
0.944017
0.055599
0.633110
0.657691
0.916402
0.915017
0.897844
0.440883
0.911446
0.016875
0.666809
0.539493
0.677289
0.378825
0.068769
0.368880
0.855246
0.522647
0.768513
0.582055
0.407890
0.679027
0.906932
0.847222
0.823547
0.455872
0.413572
0.065333
0.034415
0.289753
0.092350
0.250825
0.579217
0.127100
0.807722
0.091469
0.926731
0.502025
0.986847
0.966556
0.013874
0.652673
0.055270
0.030921
0.435231
0.912908
0.791722
0.588115
0.313499
0.235056
0.362457
0.432859
0.169837
0.234150
0.074155
0.166243
0.993087
0.931008
0.665544
0.319050
0.051468
0.493684
0.254763
0.606656
0.999071
0.671585
0.889284
0.843272
0.003111
0.923874
0.954952
0.300203
0.420624
0.548003
0.688204
0.515577
0.043098
0.161613
0.784169
0.523985
0.170476
0.988633
0.131275
0.180928
0.428289
0.211713
0.264619
0.264863
0.732299
0.176571
0.710374
0.561498
0.081122
0.533209
0.379943
0.073712
0.203148
0.997393
0.712917
0.888031
0.430823
0.632173
0.042027
0.714116
0.373317
0.126893
0.475072
0.760277
0.395434
0.821769
0.917322
0.459917
0.826586
0.993305
0.502759
0.505929
0.212967
0.133965
0.273463
0.552942
0.694010
0.660525
0.210301
0.736643
0.639247
0.871159
0.437052
0.139722
0.724991
0.164041
0.700505
0.570085
0.893772
0.018808
0.420748
0.336649
0.057218
0.187025
0.278257
0.386044
0.007384
0.142275
0.037907
0.733716
0.282336
0.761135
0.439631
0.757362
0.067449
0.495630
0.615763
0.538495
0.310436
0.651290
0.800162
0.947664
0.761881
0.370830
0.232957
0.980566
0.371035
0.390819
0.081207
0.314757
0.864765
0.300647
0.679967
0.178906
0.704464
0.570248
0.088419
0.228100
0.066525
0.968520
0.723016
0.039844
0.396378
0.650997
0.620995
0.984746
0.015368
0.509289
0.075167
0.082133
0.570623
0.164694
0.096564
0.673392
0.868022
0.507787
0.622013
0.424892
0.926977
0.594213
0.493458
0.722214
0.888754
0.719611
0.496599
0.572447
0.542175
0.703460
0.821635
0.637197
0.039051
0.743036
0.727444
0.857068
0.029158
0.427173
0.981752
0.766304
0.953662
0.499744
0.580573
0.891921
0.938305
0.459555
0.051346
0.120816
0.133573
0.088149
0.713575
0.286292
0.418880
0.320011
0.171122
0.859057
0.085239
0.953882
0.554364
0.661270
0.282326
0.428555
0.156619
0.692315
0.853776
0.718453
0.482717
0.019569
0.519534
0.774766
0.429640
0.225657
0.881167
0.046151
0.768037
0.265344
0.654925
0.224899
0.004913
0.067866
0.753972
0.276714
0.930575
0.392203
0.658307
0.634747
0.630066
0.135353
0.333789
0.365076
0.402817
0.542409
0.335637
0.496321
0.806284
0.477618
0.096877
0.993792
0.939245
0.489145
0.560535
0.743194
0.812083
0.094900
0.856548
0.636572
0.380898
0.653640
0.871837
0.720228
0.689820
0.583336
0.584469
0.722163
0.572762
0.193206
0.904400
0.141898
0.281491
0.743058
0.367879
0.142699
0.295598
0.739275
0.122483
0.382262
0.171919
0.226389
0.762346
0.710380
0.673431
0.902168
0.532981
0.142911
0.052086
0.050259
0.921934
0.709864
0.974701
0.782335
0.478445
0.311280
0.534080
0.901308
0.579846
0.923038
0.519749
0.140173
0.980720
0.337166
0.648260
0.713061
0.804219
0.627689
0.891730
0.191873
0.217221
0.085774
0.904563
0.502603
0.146970
0.081472
0.706028
0.033116
0.201206
0.134177
0.177338
0.524659
0.587181
0.514007
0.111168
0.203125
0.311899
0.779700
0.986791
0.976669
0.077472
0.239444
0.220872
0.473806
0.095033
0.342694
0.063027
0.858893
0.868666
0.084654
0.569639
0.530754
0.953447
0.756601
0.928712
0.172833
0.352005
0.613814
0.732232
0.622384
0.404557
0.848350
0.945922
0.690157
0.717976
0.020145
0.446480
0.791799
0.698173
0.516518
0.630902
0.545726
0.133670
0.780835
0.589794
0.761216
0.952335
0.549972
0.042673
0.550321
0.476962
0.396777
0.679573
0.392551
0.840673
0.191043
0.111233
0.019778
0.384057
0.314208
0.354575
0.138427
0.899004
0.086444
0.763991
0.153873
0.443757
0.878207
0.135004
0.021970
0.441873
0.942701
0.260090
0.558726
0.830996
0.136869
0.275898
0.767410
0.631164
0.400887
0.647838
0.040419
0.696377
0.040343
0.846547
0.856455
0.668673
0.406202
0.318609
0.801127
0.318632
0.228774
0.292553
0.813363
0.058571
0.340061
0.900482
0.802847
0.205016
0.571544
0.721652
0.495583
0.902605
0.428203
0.219553
0.576882
0.249841
0.813367
0.682436
0.470944
0.087555
0.216806
0.488748
0.226366
0.269836
0.168923
0.057133
0.762651
0.033799
0.037699
0.537142
0.250198
0.378063
0.379437
0.250253
0.874575
0.439005
0.667708
0.128666
0.336392
0.571434
0.498484
0.017522
0.800741
0.809897
0.595105
0.288791
0.061253
0.435615
0.270813
0.374626
0.464903
0.510100
0.346677
0.589322
0.120637
0.060433
0.110034
0.252979
0.881234
0.804031
0.657963
0.503669
0.334388
0.431756
0.458924
0.998937
0.052544
0.144616
0.614136
0.693927
0.093228
0.560313
0.282080
0.774217
0.536029
0.864590
0.707615
0.175459
0.315043
0.509476
0.949650
0.879646
0.926679
0.985513
0.227674
0.105831
0.981742
0.270515
0.620099
0.374395
0.577543
0.619897
0.697084
0.505344
0.703043
0.465463
0.450873
0.344856
0.076405
0.086194
0.450683
0.904768
0.067744
0.482690
0.032828
0.549647
0.861087
0.577728
0.948177
0.588729
0.226213
0.134447
0.884298
0.080574
0.605708
0.188855
0.900723
0.706406
0.103237
0.592550
0.531448
0.667833
0.022246
0.591370
0.686330
0.253882
0.695653
0.451058
0.164087
0.036486
0.002990
0.440170
0.544194
0.850082
0.159902
0.584930
0.089657
0.352683
0.790356
0.502035
0.517903
0.267998
0.496444
0.235041
0.483666
0.075582
0.112016
0.465525
0.054366
0.452815
0.858593
